1741582534495 73.2662582397461 0
1741582534902 55.34972381591797 1
1741582535334 48.263301849365234 2
1741582535759 45.738189697265625 3
1741582536184 41.598716735839844 4
1741582536602 38.66438674926758 5
1741582537015 36.97115707397461 6
1741582537426 36.04693603515625 7
1741582537836 33.413238525390625 8
1741582538260 32.921382904052734 9
1741582538701 31.067201614379883 10
1741582539134 29.665842056274414 11
1741582539606 30.377140045166016 12
1741582540086 29.253419876098633 13
1741582540550 27.466081619262695 14
1741582541031 26.75885009765625 15
1741582541473 27.082416534423828 16
1741582541917 26.84628677368164 17
1741582542350 25.874038696289062 18
1741582542784 25.20671844482422 19
1741582543214 24.965373992919922 20
1741582543667 24.401283264160156 21
1741582544118 24.873817443847656 22
1741582544548 24.726566314697266 23
1741582544982 23.852733612060547 24
1741582545430 23.692052841186523 25
1741582545871 25.3204288482666 26
1741582546333 23.70673942565918 27
1741582546766 23.98906135559082 28
1741582547233 23.270463943481445 29
1741582547700 22.423585891723633 30
1741582548169 22.946542739868164 31
1741582548617 22.111047744750977 32
1741582549085 21.80417823791504 33
1741582549534 22.12722396850586 34
1741582549965 21.835250854492188 35
1741582550414 21.89653968811035 36
1741582550849 22.774614334106445 37
