1741582534495 0.7542553544044495 0
1741582534902 0.6639036536216736 1
1741582535334 0.6119908094406128 2
1741582535759 0.5670124888420105 3
1741582536184 0.5105804204940796 4
1741582536602 0.44367483258247375 5
1741582537015 0.37900853157043457 6
1741582537426 0.32793763279914856 7
1741582537836 0.2843661606311798 8
1741582538260 0.24930816888809204 9
1741582538701 0.21920789778232574 10
1741582539134 0.19517365097999573 11
1741582539606 0.1744585484266281 12
1741582540086 0.1569715291261673 13
1741582540550 0.14082859456539154 14
1741582541031 0.13083629310131073 15
1741582541473 0.12196802347898483 16
1741582541917 0.11432982236146927 17
1741582542350 0.10965340584516525 18
1741582542784 0.10406875610351562 19
1741582543214 0.10026811808347702 20
1741582543667 0.09639322012662888 21
1741582544118 0.09360919892787933 22
1741582544548 0.0902843028306961 23
1741582544982 0.08728542923927307 24
1741582545430 0.08543502539396286 25
1741582545871 0.08305586874485016 26
1741582546333 0.08090868592262268 27
1741582546766 0.07944384217262268 28
1741582547233 0.07737848162651062 29
1741582547700 0.0762825459241867 30
1741582548169 0.07456120103597641 31
1741582548617 0.0728650689125061 32
1741582549085 0.07178694754838943 33
1741582549534 0.07150750607252121 34
1741582549965 0.06971432268619537 35
1741582550414 0.06934251636266708 36
1741582550849 0.06766309589147568 37
