1741582626544 0.7365485429763794 0
1741582626961 0.6548762917518616 1
1741582627359 0.5937609672546387 2
1741582627785 0.5169033408164978 3
1741582628204 0.4555864632129669 4
1741582628624 0.3859888017177582 5
1741582629059 0.35368454456329346 6
1741582629474 0.32749971747398376 7
1741582629881 0.315899521112442 8
1741582630298 0.3079037666320801 9
1741582630709 0.2807427644729614 10
1741582631120 0.2871214747428894 11
1741582631529 0.26725199818611145 12
1741582631926 0.26577621698379517 13
1741582632350 0.25981268286705017 14
1741582632763 0.2515968680381775 15
1741582633174 0.24428297579288483 16
1741582633575 0.24026954174041748 17
1741582633992 0.2358422875404358 18
1741582634409 0.239130437374115 19
1741582634820 0.23216477036476135 20
1741582635224 0.2246660441160202 21
1741582635637 0.226571187376976 22
1741582636048 0.22313299775123596 23
1741582636465 0.2166249006986618 24
1741582636878 0.2181800752878189 25
1741582637287 0.2138003557920456 26
1741582637712 0.21304640173912048 27
1741582638125 0.2071298509836197 28
1741582638578 0.21252723038196564 29
1741582638994 0.2149202525615692 30
1741582639416 0.20293226838111877 31
1741582639832 0.20595480501651764 32
1741582640243 0.19888676702976227 33
1741582640646 0.20229829847812653 34
1741582641058 0.2036534994840622 35
1741582641491 0.19980381429195404 36
1741582641922 0.199100524187088 37
1741582642329 0.1956559419631958 38
1741582642780 0.19626885652542114 39
1741582643229 0.191460520029068 40
1741582643675 0.19459277391433716 41
1741582644111 0.1831970512866974 42
1741582644546 0.18922638893127441 43
1741582644995 0.1800508052110672 44
1741582645430 0.18426737189292908 45
1741582645908 0.18664810061454773 46
1741582646341 0.1818803995847702 47
1741582646789 0.18294544517993927 48
1741582647213 0.17662492394447327 49
1741582647648 0.1770276576280594 50
1741582648082 0.17982926964759827 51
1741582648507 0.17731314897537231 52
1741582648939 0.17668607831001282 53
