1741576771818 34033.8125 0
1741576772165 15579.7666015625 1
1741576772499 7249.8251953125 2
1741576772850 2906.43115234375 3
1741576773184 3447.268798828125 4
1741576773518 3681.912353515625 5
1741576773854 2169.684326171875 6
1741576774181 3488.966064453125 7
1741576774515 5158.83447265625 8
1741576774862 3978.7158203125 9
1741576775194 3219.511474609375 10
1741576775530 2697.687744140625 11
1741576775865 2283.116943359375 12
1741576776198 3014.06396484375 13
1741576776534 1696.430908203125 14
1741576776869 1867.7613525390625 15
1741576777199 1496.4185791015625 16
1741576777529 2394.421142578125 17
1741576777866 2494.47607421875 18
1741576778198 2178.941162109375 19
1741576778541 1129.1419677734375 20
1741576778871 1554.822998046875 21
1741576779200 1441.930419921875 22
1741576779530 1849.34423828125 23
1741576779865 3003.745849609375 24
1741576780191 1688.4130859375 25
1741576780525 2882.2177734375 26
1741576780861 3819.93115234375 27
1741576781198 2951.175537109375 28
1741576781533 1755.99169921875 29
1741576781864 1027.7125244140625 30
1741576782197 1853.9237060546875 31
1741576782531 2534.7802734375 32
1741576782864 1481.441162109375 33
1741576783233 1348.8067626953125 34
1741576783581 947.5436401367188 35
1741576783949 961.7506713867188 36
1741576784329 1059.711669921875 37
1741576784701 1239.6336669921875 38
1741576785096 916.7877807617188 39
