1741579999880 639711.5625 0
1741580000232 282594.53125 1
1741580000586 116697.8671875 2
1741580000929 108104.828125 3
1741580001260 215265.890625 4
1741580001612 277144.1875 5
1741580001945 191520.90625 6
1741580002293 115468.4453125 7
1741580002630 145151.5625 8
1741580002981 63629.55859375 9
1741580003313 95430.203125 10
1741580003660 61477.80859375 11
1741580004004 70168.765625 12
1741580004347 70022.15625 13
1741580004673 85864.046875 14
1741580005024 69024.9296875 15
1741580005359 86939.1171875 16
1741580005698 64588.35546875 17
1741580006035 81047.15625 18
1741580006372 127506.8046875 19
1741580006712 124728.359375 20
1741580007053 92638.5390625 21
1741580007392 65120.70703125 22
1741580007739 55954.82421875 23
1741580008076 48426.38671875 24
1741580008420 26351.08984375 25
1741580008756 24971.5703125 26
1741580009092 29066.60546875 27
1741580009429 58454.71484375 28
1741580009790 46004.87890625 29
1741580010131 49979.55859375 30
1741580010472 68214.0546875 31
1741580010816 45635.78125 32
1741580011156 32523.630859375 33
1741580011498 58950.21484375 34
1741580011840 36735.125 35
1741580012173 63778.91015625 36
1741580012523 31842.474609375 37
1741580012875 39619.078125 38
1741580013212 45906.5390625 39
1741580013573 49184.28515625 40
1741580013918 45164.890625 41
1741580014255 27939.876953125 42
1741580014590 20006.35546875 43
1741580014929 23974.474609375 44
1741580015272 46228.8828125 45
1741580015621 31458.95703125 46
1741580015959 42621.07421875 47
1741580016300 47282.9375 48
1741580016640 31162.685546875 49
1741580016975 39882.57421875 50
1741580017326 42342.88671875 51
1741580017672 26029.4609375 52
1741580018008 33394.87890625 53
1741580018339 41710.3828125 54
1741580018687 43085.4453125 55
1741580019021 34742.70703125 56
1741580019364 35654.12890625 57
1741580019706 27747.60546875 58
1741580020070 26924.55078125 59
1741580020439 17261.03515625 60
1741580020817 18419.41015625 61
1741580021173 13023.46484375 62
1741580021538 16800.248046875 63
1741580021903 12158.3173828125 64
1741580022266 24811.748046875 65
1741580022624 11403.03125 66
1741580022972 10971.1806640625 67
1741580023357 12331.294921875 68
1741580023720 18000.859375 69
1741580024084 28401.75390625 70
1741580024437 42282.52734375 71
1741580024814 51177.28125 72
1741580025191 30958.162109375 73
1741580025568 17508.296875 74
1741580025946 17102.994140625 75
1741580026305 13666.099609375 76
1741580026677 12157.4130859375 77
1741580027037 23225.04296875 78
1741580027389 13794.44140625 79
1741580027755 25844.263671875 80
1741580028117 17459.4453125 81
1741580028472 25064.841796875 82
1741580028883 46042.0703125 83
1741580029291 27516.203125 84
1741580029687 19056.8359375 85
1741580030063 13383.85546875 86
1741580030452 15048.9580078125 87
1741580030811 30193.021484375 88
1741580031175 22441.77734375 89
1741580031538 16872.412109375 90
1741580031894 16554.720703125 91
1741580032263 21883.63671875 92
1741580032620 27644.7265625 93
1741580033018 18802.1484375 94
1741580033405 8443.138671875 95
1741580033805 13052.8818359375 96
1741580034191 11434.4306640625 97
1741580034554 17038.279296875 98
1741580034922 20467.5390625 99
