1741579999880 1.0226426124572754 0
1741580000232 1.0326664447784424 1
1741580000586 1.030480146408081 2
1741580000929 1.0282762050628662 3
1741580001260 1.0242811441421509 4
1741580001612 1.0264811515808105 5
1741580001945 1.033519983291626 6
1741580002293 1.0292811393737793 7
1741580002630 1.0328770875930786 8
1741580002981 1.027959942817688 9
1741580003313 1.029019832611084 10
1741580003660 1.030478596687317 11
1741580004004 1.0268933773040771 12
1741580004347 1.028007984161377 13
1741580004673 1.0292015075683594 14
1741580005024 1.027485966682434 15
1741580005359 1.0307257175445557 16
1741580005698 1.028159737586975 17
1741580006035 1.0271302461624146 18
1741580006372 1.0239543914794922 19
1741580006712 1.0233566761016846 20
1741580007053 1.0280520915985107 21
1741580007392 1.0295031070709229 22
1741580007739 1.029050588607788 23
1741580008076 1.0267494916915894 24
1741580008420 1.0277668237686157 25
1741580008756 1.026421308517456 26
1741580009092 1.0267980098724365 27
1741580009429 1.0273977518081665 28
1741580009790 1.0277080535888672 29
1741580010131 1.0275301933288574 30
1741580010472 1.0290954113006592 31
1741580010816 1.0264363288879395 32
1741580011156 1.0268604755401611 33
1741580011498 1.0279914140701294 34
1741580011840 1.0259363651275635 35
1741580012173 1.028529405593872 36
1741580012523 1.0275062322616577 37
1741580012875 1.0270724296569824 38
1741580013212 1.025615930557251 39
1741580013573 1.0274224281311035 40
1741580013918 1.0278314352035522 41
1741580014255 1.0273375511169434 42
1741580014590 1.0257480144500732 43
1741580014929 1.02717924118042 44
1741580015272 1.0282565355300903 45
1741580015621 1.0257184505462646 46
1741580015959 1.0268778800964355 47
1741580016300 1.0248788595199585 48
1741580016640 1.026831865310669 49
1741580016975 1.0263285636901855 50
1741580017326 1.024970293045044 51
1741580017672 1.0257846117019653 52
1741580018008 1.026936650276184 53
1741580018339 1.027686595916748 54
1741580018687 1.0253863334655762 55
1741580019021 1.026106357574463 56
1741580019364 1.028309941291809 57
1741580019706 1.0256236791610718 58
1741580020070 1.0264707803726196 59
1741580020439 1.0268114805221558 60
1741580020817 1.0270966291427612 61
1741580021173 1.0268415212631226 62
1741580021538 1.0270543098449707 63
1741580021903 1.0269631147384644 64
1741580022266 1.027734398841858 65
1741580022624 1.0271434783935547 66
1741580022972 1.0269259214401245 67
1741580023357 1.0270719528198242 68
1741580023720 1.0272444486618042 69
1741580024084 1.0269898176193237 70
1741580024437 1.0262997150421143 71
1741580024814 1.0284457206726074 72
1741580025191 1.0278751850128174 73
1741580025568 1.0274616479873657 74
1741580025946 1.0272408723831177 75
1741580026305 1.0272748470306396 76
1741580026677 1.027463674545288 77
1741580027037 1.027241826057434 78
1741580027389 1.0277847051620483 79
1741580027755 1.02647066116333 80
1741580028117 1.0285192728042603 81
1741580028472 1.027878761291504 82
1741580028883 1.0270631313323975 83
1741580029291 1.0277526378631592 84
1741580029687 1.0270352363586426 85
1741580030063 1.0275064706802368 86
1741580030452 1.027585506439209 87
1741580030811 1.028058648109436 88
1741580031175 1.028419852256775 89
1741580031538 1.0276862382888794 90
1741580031894 1.0278055667877197 91
1741580032263 1.0275272130966187 92
1741580032620 1.0276447534561157 93
1741580033018 1.0284351110458374 94
1741580033405 1.028249740600586 95
1741580033805 1.0282396078109741 96
1741580034191 1.0281609296798706 97
1741580034554 1.027673602104187 98
1741580034922 1.0283851623535156 99
