1741578531428 0.9752280712127686 0
1741578531851 0.9974032044410706 1
1741578532305 0.9992824792861938 2
1741578532719 0.9994664788246155 3
1741578533131 0.9996744394302368 4
1741578533556 1.0006036758422852 5
1741578533976 0.998617947101593 6
1741578534396 0.9993395209312439 7
1741578534802 0.9991623163223267 8
1741578535223 0.9992801547050476 9
1741578535658 0.9990671277046204 10
1741578536082 0.9998218417167664 11
1741578536515 0.9997871518135071 12
1741578536935 0.9991301894187927 13
1741578537359 0.999531626701355 14
1741578537802 0.9991398453712463 15
1741578538219 0.9989238381385803 16
1741578538662 0.9994213581085205 17
1741578539088 0.9988780617713928 18
1741578539508 0.9988213777542114 19
1741578539915 0.9986311197280884 20
1741578540341 0.9988710284233093 21
1741578540774 0.9990847706794739 22
1741578541201 0.9989950060844421 23
1741578541621 0.9985496997833252 24
1741578542055 0.9990960359573364 25
1741578542470 0.9985186457633972 26
1741578542891 0.9985031485557556 27
1741578543318 0.9986299276351929 28
1741578543739 0.9984972476959229 29
