1741581859603 0.5983213186264038 0
1741581859938 0.38485458493232727 1
1741581860271 0.29162976145744324 2
1741581860654 0.42505553364753723 3
1741581861012 0.2303612381219864 4
1741581861367 0.19715318083763123 5
1741581861699 0.1421274095773697 6
1741581862038 0.1931261569261551 7
1741581862386 0.11638686060905457 8
1741581862721 0.21593980491161346 9
1741581863071 0.10440428555011749 10
1741581863404 0.11717303097248077 11
1741581863751 0.10326679795980453 12
1741581864083 0.1830066442489624 13
1741581864422 0.09020322561264038 14
1741581864771 0.09279807657003403 15
1741581865142 0.08685711026191711 16
1741581865503 0.1294240653514862 17
1741581865914 0.08656328916549683 18
1741581866334 0.13031423091888428 19
1741581866755 0.08099999278783798 20
1741581867173 0.10060397535562515 21
1741581867572 0.07649283111095428 22
1741581867995 0.10111293941736221 23
1741581868397 0.07144641876220703 24
1741581868817 0.08464118093252182 25
1741581869239 0.07178618013858795 26
1741581869654 0.0834704264998436 27
1741581870076 0.06611435860395432 28
1741581870522 0.08517897874116898 29
1741581870972 0.08141162246465683 30
1741581871389 0.11568711698055267 31
1741581871800 0.06296835839748383 32
1741581872206 0.06884609162807465 33
1741581872630 0.06654450297355652 34
1741581873057 0.08914726227521896 35
1741581873472 0.06816058605909348 36
1741581873889 0.08391602337360382 37
1741581874306 0.06286193430423737 38
1741581874722 0.07233545184135437 39
1741581875141 0.059091128408908844 40
1741581875548 0.06310824304819107 41
1741581875956 0.055461037904024124 42
1741581876366 0.06386564671993256 43
1741581876763 0.06292304396629333 44
1741581877181 0.07459930330514908 45
1741581877587 0.052187222987413406 46
1741581878002 0.058038130402565 47
1741581878430 0.0497811958193779 48
1741581878868 0.05769549310207367 49
1741581879272 0.05206790193915367 50
1741581879685 0.07044260948896408 51
1741581880099 0.06067734211683273 52
1741581880519 0.06809308379888535 53
1741581880934 0.04911841079592705 54
1741581881370 0.055000726133584976 55
1741581881776 0.05070322006940842 56
1741581882190 0.06220446154475212 57
1741581882603 0.046558234840631485 58
1741581883024 0.04759810119867325 59
1741581883436 0.04450652375817299 60
1741581883861 0.04685303941369057 61
1741581884266 0.04343412443995476 62
1741581884702 0.0459323450922966 63
1741581885118 0.04402317479252815 64
1741581885529 0.04468975216150284 65
1741581885967 0.05167593061923981 66
1741581886411 0.04855654016137123 67
1741581886821 0.07738197594881058 68
1741581887237 0.04434346407651901 69
1741581887681 0.05114462226629257 70
1741581888110 0.04983414337038994 71
1741581888530 0.060174960643053055 72
1741581888991 0.04189501330256462 73
1741581889423 0.044995490461587906 74
1741581889853 0.04389437288045883 75
1741581890284 0.05778061971068382 76
1741581890713 0.04489715397357941 77
1741581891170 0.05279984697699547 78
1741581891624 0.0444292314350605 79
1741581892050 0.050543446093797684 80
1741581892472 0.0449802502989769 81
1741581892888 0.06327615678310394 82
1741581893316 0.04022597149014473 83
1741581893735 0.04268122836947441 84
1741581894171 0.047197598963975906 85
1741581894582 0.07297682762145996 86
1741581895005 0.040062446147203445 87
1741581895420 0.04353499785065651 88
1741581895847 0.0466422364115715 89
1741581896219 0.040475647896528244 90
1741581896603 0.045021891593933105 91
1741581896975 0.04108336940407753 92
1741581897352 0.04826440289616585 93
1741581897708 0.04110708087682724 94
1741581898071 0.045847442001104355 95
1741581898418 0.04053131490945816 96
1741581898771 0.044252973049879074 97
1741581899132 0.037654634565114975 98
1741581899487 0.036612965166568756 99
