1741580097917 3773410.0 0
1741580098271 660431.3125 1
1741580098618 587828.375 2
1741580098986 258025.484375 3
1741580099351 137172.4375 4
1741580099701 207352.90625 5
1741580100054 104911.125 6
1741580100402 229979.96875 7
1741580100745 94291.59375 8
1741580101087 48481.76171875 9
1741580101429 22602.4375 10
1741580101771 15724.8876953125 11
1741580102114 11823.99609375 12
1741580102457 8258.455078125 13
1741580102804 4251.4296875 14
1741580103136 4164.81103515625 15
1741580103484 4164.8115234375 16
1741580103837 4164.8115234375 17
1741580104175 4164.81103515625 18
1741580104515 4164.81005859375 19
1741580104851 4164.8115234375 20
1741580105187 4164.810546875 21
1741580105539 4164.810546875 22
1741580105879 4164.810546875 23
1741580106234 4164.81103515625 24
1741580106587 4164.8115234375 25
1741580106934 4164.810546875 26
1741580107267 4164.81103515625 27
1741580107622 4164.8115234375 28
1741580107957 4164.81103515625 29
1741580108304 4164.810546875 30
1741580108639 4164.8115234375 31
1741580108988 4164.81103515625 32
1741580109317 4164.8115234375 33
1741580109683 4164.81103515625 34
1741580110017 4164.810546875 35
1741580110364 4164.81103515625 36
1741580110701 4164.810546875 37
1741580111050 4164.8115234375 38
1741580111386 4164.8115234375 39
1741580111733 4164.81103515625 40
1741580112083 4164.81103515625 41
1741580112417 4164.810546875 42
1741580112752 4164.81103515625 43
1741580113100 4164.8115234375 44
1741580113434 4164.81103515625 45
1741580113783 4164.810546875 46
1741580114133 4164.8115234375 47
1741580114484 4164.810546875 48
1741580114985 4164.81103515625 49
1741580115352 4164.810546875 50
1741580115700 4164.81103515625 51
1741580116035 4164.810546875 52
1741580116383 4164.81103515625 53
1741580116717 4164.810546875 54
1741580117068 4164.81103515625 55
1741580117400 4164.81103515625 56
1741580117751 4164.81103515625 57
1741580118099 4164.810546875 58
1741580118468 4164.8115234375 59
1741580118851 4164.8115234375 60
1741580119240 4164.810546875 61
1741580119608 4164.81103515625 62
1741580119968 4164.810546875 63
1741580120337 4164.81103515625 64
1741580120702 4164.8115234375 65
1741580121062 4164.810546875 66
1741580121433 4164.81103515625 67
1741580121786 4164.81103515625 68
1741580122150 4164.81103515625 69
1741580122520 4164.810546875 70
1741580122882 4164.81103515625 71
1741580123268 4164.81103515625 72
1741580123617 4164.810546875 73
1741580123983 4164.810546875 74
1741580124350 4164.81103515625 75
1741580124716 4164.81201171875 76
1741580125089 4164.8115234375 77
1741580125450 4164.810546875 78
1741580125811 4164.8115234375 79
1741580126169 4164.8115234375 80
1741580126533 4164.81103515625 81
1741580126916 4164.81103515625 82
1741580127294 4164.810546875 83
1741580127703 4164.81103515625 84
1741580128066 4164.810546875 85
1741580128430 4164.81103515625 86
1741580128783 4164.81103515625 87
1741580129147 4164.8115234375 88
1741580129508 4164.810546875 89
1741580129866 4164.8115234375 90
1741580130231 4164.810546875 91
1741580130583 4164.81103515625 92
1741580130949 4164.810546875 93
1741580131316 4164.8115234375 94
1741580131683 4164.81103515625 95
1741580132063 4164.81103515625 96
1741580132433 4164.81103515625 97
1741580132783 4164.81103515625 98
1741580133156 4164.810546875 99
