1741580097917 1.0828191041946411 0
1741580098271 1.0225937366485596 1
1741580098618 1.0248311758041382 2
1741580098986 1.029822826385498 3
1741580099351 1.02994966506958 4
1741580099701 1.0326080322265625 5
1741580100054 1.0336697101593018 6
1741580100402 1.0306628942489624 7
1741580100745 1.0297499895095825 8
1741580101087 1.0297690629959106 9
1741580101429 1.0301944017410278 10
1741580101771 1.0309903621673584 11
1741580102114 1.0310065746307373 12
1741580102457 1.0309826135635376 13
1741580102804 1.0309656858444214 14
1741580103136 1.0309648513793945 15
1741580103484 1.0309648513793945 16
1741580103837 1.030964970588684 17
1741580104175 1.030964732170105 18
1741580104515 1.030964970588684 19
1741580104851 1.0309648513793945 20
1741580105187 1.030964970588684 21
1741580105539 1.0309648513793945 22
1741580105879 1.030964970588684 23
1741580106234 1.0309648513793945 24
1741580106587 1.030964970588684 25
1741580106934 1.030964970588684 26
1741580107267 1.030964970588684 27
1741580107622 1.030964970588684 28
1741580107957 1.030964732170105 29
1741580108304 1.030964970588684 30
1741580108639 1.030964970588684 31
1741580108988 1.0309648513793945 32
1741580109317 1.030964970588684 33
1741580109683 1.030964970588684 34
1741580110017 1.030964970588684 35
1741580110364 1.030964970588684 36
1741580110701 1.030964970588684 37
1741580111050 1.030964970588684 38
1741580111386 1.0309648513793945 39
1741580111733 1.030964970588684 40
1741580112083 1.030964970588684 41
1741580112417 1.0309648513793945 42
1741580112752 1.030964970588684 43
1741580113100 1.0309648513793945 44
1741580113434 1.030964970588684 45
1741580113783 1.030964970588684 46
1741580114133 1.030964970588684 47
1741580114484 1.030964732170105 48
1741580114985 1.0309648513793945 49
1741580115352 1.030964970588684 50
1741580115700 1.0309648513793945 51
1741580116035 1.0309648513793945 52
1741580116383 1.0309648513793945 53
1741580116717 1.030964970588684 54
1741580117068 1.030964732170105 55
1741580117400 1.0309648513793945 56
1741580117751 1.0309648513793945 57
1741580118099 1.0309648513793945 58
1741580118468 1.030964970588684 59
1741580118851 1.030964970588684 60
1741580119240 1.0309648513793945 61
1741580119608 1.030964970588684 62
1741580119968 1.030964970588684 63
1741580120337 1.030964970588684 64
1741580120702 1.0309648513793945 65
1741580121062 1.030964970588684 66
1741580121433 1.0309648513793945 67
1741580121786 1.030964970588684 68
1741580122150 1.030964970588684 69
1741580122520 1.0309648513793945 70
1741580122882 1.0309648513793945 71
1741580123268 1.0309648513793945 72
1741580123617 1.030964970588684 73
1741580123983 1.030964970588684 74
1741580124350 1.030964970588684 75
1741580124716 1.0309648513793945 76
1741580125089 1.030964970588684 77
1741580125450 1.030964732170105 78
1741580125811 1.030964970588684 79
1741580126169 1.0309648513793945 80
1741580126533 1.030964970588684 81
1741580126916 1.030964970588684 82
1741580127294 1.030964970588684 83
1741580127703 1.0309648513793945 84
1741580128066 1.0309648513793945 85
1741580128430 1.030964970588684 86
1741580128783 1.0309648513793945 87
1741580129147 1.030964732170105 88
1741580129508 1.030964970588684 89
1741580129866 1.0309650897979736 90
1741580130231 1.030964970588684 91
1741580130583 1.030964970588684 92
1741580130949 1.030964970588684 93
1741580131316 1.030964970588684 94
1741580131683 1.030964970588684 95
1741580132063 1.0309648513793945 96
1741580132433 1.030964970588684 97
1741580132783 1.030964970588684 98
1741580133156 1.030964970588684 99
