1741582075817 41.369258880615234 0
1741582076177 45.31232833862305 1
1741582076531 45.86910629272461 2
1741582076889 46.496376037597656 3
1741582077243 38.31963348388672 4
1741582077593 43.92496871948242 5
1741582077963 39.591426849365234 6
1741582078328 42.4735107421875 7
1741582078676 39.651058197021484 8
1741582079048 41.60956573486328 9
1741582079409 34.581443786621094 10
1741582079762 34.818294525146484 11
1741582080124 36.0163459777832 12
1741582080478 35.7588996887207 13
1741582080841 39.026302337646484 14
1741582081215 36.173648834228516 15
1741582081578 36.688358306884766 16
1741582081928 39.339622497558594 17
