1741582096112 138.34344482421875 0
1741582096472 101.08702850341797 1
1741582096825 65.09495544433594 2
1741582097187 65.63302612304688 3
1741582097548 46.22035598754883 4
1741582097911 49.11252975463867 5
1741582098274 44.21084213256836 6
1741582098641 55.92943572998047 7
1741582099007 56.89945983886719 8
1741582099371 44.144309997558594 9
1741582099729 51.98835372924805 10
1741582100091 40.957672119140625 11
1741582100456 51.60779571533203 12
1741582100808 42.457820892333984 13
1741582101172 44.934776306152344 14
1741582101530 40.113677978515625 15
1741582101895 53.007999420166016 16
1741582102262 39.17942428588867 17
1741582102626 39.64306640625 18
1741582102992 39.285789489746094 19
1741582103358 40.81834030151367 20
1741582103724 36.92704772949219 21
1741582104074 39.81453323364258 22
1741582104427 32.395938873291016 23
1741582104798 34.71220397949219 24
1741582105141 33.02873229980469 25
1741582105507 37.11915588378906 26
1741582105874 32.840919494628906 27
1741582106231 36.13412857055664 28
1741582106591 33.68092346191406 29
1741582106974 38.079307556152344 30
