1741580470980 1.099863886833191 0
1741580471193 1.0228681564331055 1
1741580471397 1.004202127456665 2
1741580471611 1.0484793186187744 3
1741580471813 1.0213441848754883 4
1741580472026 1.014825463294983 5
1741580472230 1.0098626613616943 6
1741580472435 1.0158494710922241 7
1741580472640 1.0273245573043823 8
1741580472845 1.0167818069458008 9
1741580473050 1.0063930749893188 10
1741580473263 1.0193109512329102 11
1741580473469 1.0126177072525024 12
1741580473675 1.0154709815979004 13
1741580473883 1.0210245847702026 14
1741580474084 1.0142730474472046 15
1741580474311 1.0214934349060059 16
1741580474526 0.9913451075553894 17
1741580474763 1.015232801437378 18
1741580475005 1.015053391456604 19
1741580475214 1.0214849710464478 20
1741580475422 1.019794225692749 21
1741580475631 1.0274550914764404 22
1741580475833 1.0195420980453491 23
1741580476032 1.0268062353134155 24
1741580476241 1.0151970386505127 25
1741580476478 1.0181630849838257 26
1741580476693 1.0224124193191528 27
1741580476920 1.0211538076400757 28
1741580477135 1.0254765748977661 29
1741580477342 1.0335801839828491 30
1741580477532 1.0246448516845703 31
1741580477751 1.0227469205856323 32
1741580477955 1.0220868587493896 33
1741580478158 1.025040864944458 34
1741580478359 1.0272258520126343 35
1741580478549 1.0168384313583374 36
1741580478751 1.0205761194229126 37
1741580478958 1.0235323905944824 38
1741580479161 1.0169005393981934 39
1741580479345 1.028095006942749 40
1741580479558 1.0295642614364624 41
1741580479744 1.0244779586791992 42
1741580479946 1.0247389078140259 43
1741580480146 1.0415775775909424 44
1741580480348 1.0328096151351929 45
1741580480563 1.0221210718154907 46
1741580480763 1.0288881063461304 47
1741580480984 1.0292656421661377 48
1741580481195 1.0289534330368042 49
1741580481396 1.0288596153259277 50
1741580481613 1.0317692756652832 51
1741580481813 1.0337293148040771 52
1741580482028 1.027647614479065 53
1741580482229 1.0282753705978394 54
1741580482438 1.0242942571640015 55
1741580482639 1.037137508392334 56
1741580482843 1.0340383052825928 57
1741580483032 1.0369806289672852 58
1741580483228 1.0311764478683472 59
1741580483440 1.0354443788528442 60
1741580483644 1.0350943803787231 61
1741580483828 1.03285551071167 62
1741580484040 1.0338858366012573 63
1741580484244 1.028902530670166 64
1741580484444 1.0311532020568848 65
1741580484628 1.032849907875061 66
1741580484831 1.0355846881866455 67
1741580485039 1.0321745872497559 68
1741580485248 1.0304348468780518 69
1741580485468 1.0315546989440918 70
1741580485679 1.0266087055206299 71
1741580485896 1.0331356525421143 72
1741580486112 1.0338481664657593 73
1741580486310 1.030426263809204 74
1741580486497 1.0327903032302856 75
1741580486729 1.0260423421859741 76
1741580486935 1.0321518182754517 77
1741580487139 1.0356862545013428 78
1741580487348 1.0358675718307495 79
1741580487547 1.031483769416809 80
1741580487747 1.0356671810150146 81
1741580487943 1.0318669080734253 82
1741580488144 1.032654881477356 83
1741580488346 1.0347282886505127 84
1741580488551 1.0325777530670166 85
1741580488753 1.0306921005249023 86
1741580488946 1.030530333518982 87
1741580489163 1.0326590538024902 88
1741580489369 1.0286084413528442 89
1741580489576 1.0288375616073608 90
1741580489777 1.030277132987976 91
1741580489990 1.0316110849380493 92
1741580490191 1.0340834856033325 93
1741580490412 1.0305863618850708 94
1741580490610 1.0369220972061157 95
1741580490821 1.0334142446517944 96
1741580491027 1.0294978618621826 97
1741580491211 1.0344688892364502 98
1741580491425 1.044177770614624 99
