1741583009518 89.86460876464844 0
1741583009744 56.437644958496094 1
1741583009964 46.000614166259766 2
1741583010178 42.69188690185547 3
1741583010406 41.00957107543945 4
1741583010612 40.01930236816406 5
1741583010829 39.1469612121582 6
1741583011038 38.365814208984375 7
1741583011246 37.91794204711914 8
1741583011444 37.2825927734375 9
1741583011662 36.684288024902344 10
1741583011857 36.249603271484375 11
1741583012075 35.7626953125 12
1741583012290 35.3779296875 13
1741583012500 35.03268814086914 14
1741583012710 34.6931266784668 15
1741583012927 34.37733840942383 16
1741583013138 34.07864761352539 17
1741583013345 33.80099105834961 18
1741583013546 33.50389862060547 19
1741583013761 33.305076599121094 20
1741583013976 33.24814224243164 21
1741583014184 33.06996154785156 22
1741583014390 32.926185607910156 23
1741583014593 33.0213737487793 24
1741583014810 32.531272888183594 25
1741583015018 32.18636703491211 26
1741583015228 32.017189025878906 27
1741583015444 31.954565048217773 28
1741583015641 31.891782760620117 29
1741583015843 31.6652889251709 30
1741583016052 31.491588592529297 31
1741583016259 31.447389602661133 32
1741583016468 31.455739974975586 33
1741583016672 31.125 34
1741583016878 31.137752532958984 35
1741583017082 31.21890640258789 36
1741583017296 30.900375366210938 37
1741583017494 30.7183895111084 38
1741583017704 30.632688522338867 39
1741583017910 30.513978958129883 40
1741583018126 30.53917121887207 41
1741583018342 30.320249557495117 42
1741583018553 30.172664642333984 43
1741583018771 30.09708595275879 44
1741583018984 30.074491500854492 45
1741583019182 29.960384368896484 46
1741583019397 29.991363525390625 47
1741583019602 29.846027374267578 48
1741583019813 29.679122924804688 49
1741583020041 29.800765991210938 50
1741583020247 29.537015914916992 51
