1741583009518 0.9350724220275879 0
1741583009744 0.759215772151947 1
1741583009964 0.7189276218414307 2
1741583010178 0.6972501873970032 3
1741583010406 0.6767274141311646 4
1741583010612 0.6562870144844055 5
1741583010829 0.6353104114532471 6
1741583011038 0.6181535720825195 7
1741583011246 0.6000661253929138 8
1741583011444 0.5808045268058777 9
1741583011662 0.5637660622596741 10
1741583011857 0.5485085248947144 11
1741583012075 0.535957396030426 12
1741583012290 0.5240166783332825 13
1741583012500 0.5145047903060913 14
1741583012710 0.5072551965713501 15
1741583012927 0.5011677742004395 16
1741583013138 0.49424174427986145 17
1741583013345 0.48891305923461914 18
1741583013546 0.4842017889022827 19
1741583013761 0.4788728654384613 20
1741583013976 0.4745691418647766 21
1741583014184 0.47022196650505066 22
1741583014390 0.4669649600982666 23
1741583014593 0.46311092376708984 24
1741583014810 0.459815114736557 25
1741583015018 0.4570046365261078 26
1741583015228 0.45420509576797485 27
1741583015444 0.4515540599822998 28
1741583015641 0.4491070508956909 29
1741583015843 0.44689273834228516 30
1741583016052 0.4454997479915619 31
1741583016259 0.44317537546157837 32
1741583016468 0.44118595123291016 33
1741583016672 0.43930813670158386 34
1741583016878 0.4374051094055176 35
1741583017082 0.43556925654411316 36
1741583017296 0.4332584738731384 37
1741583017494 0.43226054310798645 38
1741583017704 0.4309319257736206 39
1741583017910 0.4297060966491699 40
1741583018126 0.42845281958580017 41
1741583018342 0.42737144231796265 42
1741583018553 0.42607825994491577 43
1741583018771 0.4251647889614105 44
1741583018984 0.4239386320114136 45
1741583019182 0.4227324426174164 46
1741583019397 0.42159807682037354 47
1741583019602 0.42062437534332275 48
1741583019813 0.4194968342781067 49
1741583020041 0.4185178279876709 50
1741583020247 0.417259156703949 51
