1741581770499 88.05850982666016 0
1741581771043 114.16303253173828 1
1741581771579 88.94056701660156 2
1741581772128 84.73040771484375 3
1741581772665 75.71001434326172 4
1741581773198 61.94197082519531 5
1741581773758 60.35930252075195 6
1741581774329 64.6679458618164 7
1741581774876 48.38916015625 8
1741581775450 51.17477035522461 9
1741581775994 53.04939270019531 10
1741581776526 67.09037017822266 11
1741581777093 48.8000373840332 12
1741581777641 48.379581451416016 13
1741581778181 48.675662994384766 14
1741581778729 52.703834533691406 15
1741581779276 46.338436126708984 16
1741581779817 53.52328109741211 17
1741581780373 49.99181365966797 18
1741581780942 44.97099685668945 19
1741581781507 40.18402862548828 20
1741581782078 44.8065071105957 21
1741581782670 54.73686981201172 22
1741581783234 45.19158172607422 23
1741581783781 47.8613395690918 24
1741581784348 50.881717681884766 25
1741581784922 40.664974212646484 26
1741581785459 48.38359832763672 27
1741581786014 33.841312408447266 28
1741581786577 37.5363655090332 29
1741581787122 34.01717758178711 30
1741581787657 38.54112243652344 31
1741581788210 34.548667907714844 32
1741581788805 40.19599914550781 33
1741581789359 32.0709114074707 34
1741581789932 39.333984375 35
1741581790485 32.469093322753906 36
1741581791058 38.12480163574219 37
1741581791660 32.741268157958984 38
1741581792247 38.954978942871094 39
1741581792836 31.758319854736328 40
1741581793413 35.512176513671875 41
1741581794006 37.5338249206543 42
1741581794588 31.620540618896484 43
1741581795166 34.14482116699219 44
1741581795774 32.58443069458008 45
1741581796388 45.8742561340332 46
1741581796971 29.263137817382812 47
1741581797547 37.01484298706055 48
1741581798124 36.0537223815918 49
1741581798716 31.14130973815918 50
1741581799306 32.32679748535156 51
1741581799890 32.918968200683594 52
1741581800467 39.03083419799805 53
1741581801041 34.053462982177734 54
1741581801655 35.02360916137695 55
1741581802247 32.17330551147461 56
1741581802836 26.62578773498535 57
1741581803427 32.17951583862305 58
1741581804008 27.886030197143555 59
1741581804594 33.28029251098633 60
1741581805183 28.563350677490234 61
1741581805778 37.01774215698242 62
1741581806359 28.34588623046875 63
1741581806947 29.889665603637695 64
1741581807556 27.96525001525879 65
1741581808143 30.86334991455078 66
1741581808739 33.508819580078125 67
1741581809325 32.67120361328125 68
1741581809911 33.07931900024414 69
1741581810500 32.3874397277832 70
1741581811093 26.661550521850586 71
1741581811683 31.482526779174805 72
1741581812282 27.352079391479492 73
1741581812888 31.465883255004883 74
1741581813486 32.60567855834961 75
1741581814063 29.338653564453125 76
1741581814646 31.91451072692871 77
1741581815229 31.73405647277832 78
1741581815842 28.608470916748047 79
1741581816428 31.166574478149414 80
1741581817007 32.05426025390625 81
1741581817592 35.38150405883789 82
1741581818190 28.44721221923828 83
1741581818805 33.3511962890625 84
1741581819394 30.862628936767578 85
1741581819981 30.017086029052734 86
1741581820570 29.70757484436035 87
1741581821140 25.365964889526367 88
1741581821741 23.7197208404541 89
1741581822306 31.389341354370117 90
1741581822890 24.38210678100586 91
1741581823495 26.50881576538086 92
1741581824072 23.910337448120117 93
1741581824657 32.94622039794922 94
1741581825237 22.94666290283203 95
1741581825829 28.28445053100586 96
1741581826446 24.096866607666016 97
1741581827023 31.155794143676758 98
1741581827629 22.86417579650879 99
