1741581770499 0.8103981614112854 0
1741581771043 0.7784855961799622 1
1741581771579 0.8207173943519592 2
1741581772128 0.546774685382843 3
1741581772665 0.8021798133850098 4
1741581773198 0.6371728181838989 5
1741581773758 0.7482729554176331 6
1741581774329 0.6959026455879211 7
1741581774876 0.5844095945358276 8
1741581775450 0.5174441933631897 9
1741581775994 0.5388033986091614 10
1741581776526 0.435131698846817 11
1741581777093 0.5431483387947083 12
1741581777641 0.37693068385124207 13
1741581778181 0.31366801261901855 14
1741581778729 0.21767094731330872 15
1741581779276 0.6590631604194641 16
1741581779817 0.5430898666381836 17
1741581780373 0.44319871068000793 18
1741581780942 0.31246501207351685 19
1741581781507 0.22399061918258667 20
1741581782078 0.15333382785320282 21
1741581782670 0.5707022547721863 22
1741581783234 0.3235510587692261 23
1741581783781 0.15880262851715088 24
1741581784348 0.2922772467136383 25
1741581784922 0.1488066017627716 26
1741581785459 0.28753215074539185 27
1741581786014 0.12843917310237885 28
1741581786577 0.13064393401145935 29
1741581787122 0.1208118125796318 30
1741581787657 0.28152868151664734 31
1741581788210 0.11234641075134277 32
1741581788805 0.25862422585487366 33
1741581789359 0.10955408215522766 34
1741581789932 0.38587135076522827 35
1741581790485 0.13411514461040497 36
1741581791058 0.11070526391267776 37
1741581791660 0.11727851629257202 38
1741581792247 0.4082416594028473 39
1741581792836 0.15846207737922668 40
1741581793413 0.10968011617660522 41
1741581794006 0.21636338531970978 42
1741581794588 0.09324304014444351 43
1741581795166 0.10087195783853531 44
1741581795774 0.10147294402122498 45
1741581796388 0.2975851893424988 46
1741581796971 0.10919436812400818 47
1741581797547 0.10033661872148514 48
1741581798124 0.20044976472854614 49
1741581798716 0.08812666684389114 50
1741581799306 0.14549486339092255 51
1741581799890 0.08637268096208572 52
1741581800467 0.3373119533061981 53
1741581801041 0.12966540455818176 54
1741581801655 0.08388194441795349 55
1741581802247 0.12349531799554825 56
1741581802836 0.07988619059324265 57
1741581803427 0.18221202492713928 58
1741581804008 0.07389836013317108 59
1741581804594 0.10494279116392136 60
1741581805183 0.09763815999031067 61
1741581805778 0.3578796982765198 62
1741581806359 0.1665465086698532 63
1741581806947 0.07725224643945694 64
1741581807556 0.08692698925733566 65
1741581808143 0.08213771879673004 66
1741581808739 0.12351658940315247 67
1741581809325 0.08029204607009888 68
1741581809911 0.07231634855270386 69
1741581810500 0.10542352497577667 70
1741581811093 0.09053907543420792 71
1741581811683 0.25502851605415344 72
1741581812282 0.11638230830430984 73
1741581812888 0.07308386266231537 74
1741581813486 0.0741514265537262 75
1741581814063 0.06812354177236557 76
1741581814646 0.06561745703220367 77
1741581815229 0.12339362502098083 78
1741581815842 0.06635269522666931 79
1741581816428 0.09222359955310822 80
1741581817007 0.07988684624433517 81
1741581817592 0.3431210517883301 82
1741581818190 0.15540899336338043 83
1741581818805 0.06610842794179916 84
1741581819394 0.10144823789596558 85
1741581819981 0.06463265419006348 86
1741581820570 0.06013965979218483 87
1741581821140 0.05241083726286888 88
1741581821741 0.05805047228932381 89
1741581822306 0.14222033321857452 90
1741581822890 0.051982950419187546 91
1741581823495 0.05946902185678482 92
1741581824072 0.05656549334526062 93
1741581824657 0.1494755744934082 94
1741581825237 0.049310602247714996 95
1741581825829 0.09309198707342148 96
1741581826446 0.06344586610794067 97
1741581827023 0.17080076038837433 98
1741581827629 0.051908574998378754 99
