1741580218339 759789.4375 0
1741580218684 262800.71875 1
1741580219015 213853.296875 2
1741580219366 177854.296875 3
1741580219710 103147.671875 4
1741580220064 98359.328125 5
1741580220408 93828.4765625 6
1741580220734 110217.953125 7
1741580221082 60670.984375 8
1741580221414 98121.6953125 9
1741580221760 131633.4375 10
1741580222093 47271.7109375 11
1741580222441 62992.5 12
1741580222789 48759.74609375 13
1741580223137 32274.240234375 14
1741580223495 58885.69921875 15
1741580223871 48462.09375 16
1741580224249 70677.953125 17
1741580224629 48169.921875 18
1741580225000 45199.00390625 19
1741580225373 43999.859375 20
1741580225781 44528.56640625 21
1741580226152 21441.89453125 22
1741580226516 23723.326171875 23
1741580226877 41244.484375 24
1741580227246 50522.9765625 25
1741580227625 98628.8515625 26
1741580228011 44524.546875 27
1741580228394 28853.931640625 28
1741580228794 32965.64453125 29
1741580229145 45035.1796875 30
1741580229510 34145.41796875 31
1741580229888 36667.1015625 32
1741580230241 35009.16796875 33
1741580230623 34185.890625 34
1741580230984 29063.40234375 35
1741580231345 36969.2109375 36
1741580231709 27779.599609375 37
1741580232126 24622.65625 38
1741580232479 13346.0693359375 39
1741580232842 22103.423828125 40
1741580233212 16937.740234375 41
1741580233576 11266.8466796875 42
1741580233942 11742.595703125 43
1741580234297 10934.5732421875 44
1741580234678 28054.33203125 45
1741580235080 34869.35546875 46
1741580235476 21202.341796875 47
1741580235860 13327.0966796875 48
1741580236244 14762.189453125 49
1741580236618 14567.66015625 50
1741580236977 28046.828125 51
1741580237338 13949.48046875 52
1741580237693 13615.2080078125 53
1741580238076 15946.05859375 54
1741580238460 13752.158203125 55
1741580238822 16273.37109375 56
1741580239177 13149.0693359375 57
1741580239560 21443.23828125 58
1741580239942 19859.431640625 59
1741580240327 18171.74609375 60
1741580240693 11539.203125 61
1741580241060 8492.7666015625 62
1741580241426 9619.5205078125 63
1741580241793 8660.5361328125 64
1741580242160 13158.0966796875 65
1741580242524 9262.8798828125 66
1741580242898 9533.9189453125 67
1741580243265 9512.080078125 68
1741580243643 12435.2890625 69
1741580244043 7841.70166015625 70
1741580244428 8786.4296875 71
1741580244842 16361.630859375 72
1741580245214 13600.0341796875 73
1741580245576 14572.607421875 74
1741580245948 8825.8525390625 75
1741580246310 9210.9501953125 76
1741580246676 10664.3125 77
1741580247063 10860.66015625 78
1741580247433 11862.5732421875 79
1741580247799 18509.1484375 80
1741580248166 8709.20703125 81
1741580248526 12261.57421875 82
1741580248893 6541.111328125 83
1741580249270 5356.740234375 84
1741580249634 9574.1181640625 85
1741580249998 11126.130859375 86
1741580250365 7868.44482421875 87
1741580250738 7354.83447265625 88
1741580251122 12379.0791015625 89
1741580251511 7997.8154296875 90
1741580251878 18807.177734375 91
1741580252249 16125.45703125 92
1741580252609 10020.078125 93
1741580252976 17150.1796875 94
1741580253328 17682.2890625 95
1741580253711 6601.41162109375 96
1741580254076 13085.7587890625 97
1741580254459 9209.751953125 98
1741580254832 9305.349609375 99
