1741582898006 84.75131225585938 0
1741582898296 53.08397674560547 1
1741582898578 42.65029525756836 2
1741582898859 38.91309356689453 3
1741582899145 36.726009368896484 4
1741582899417 34.832252502441406 5
1741582899685 33.38090133666992 6
1741582900011 31.802824020385742 7
1741582900300 30.881977081298828 8
1741582900564 30.098743438720703 9
1741582900854 29.45149040222168 10
1741582901122 28.827980041503906 11
1741582901403 28.457721710205078 12
1741582901687 28.068819046020508 13
1741582902011 27.522903442382812 14
1741582902308 27.219736099243164 15
1741582902602 27.048625946044922 16
