1741589808550 87.76483917236328 0
1741589809000 64.4050521850586 1
1741589809433 52.74087905883789 2
1741589809866 47.04691696166992 3
1741589810306 43.945499420166016 4
1741589810744 42.126220703125 5
1741589811197 41.34805679321289 6
1741589811644 39.25725173950195 7
1741589812086 38.720638275146484 8
1741589812519 36.907005310058594 9
1741589812948 35.60359573364258 10
1741589813374 34.54594802856445 11
1741589813799 33.797096252441406 12
1741589814236 32.786346435546875 13
1741589814671 32.06190872192383 14
1741589815095 31.140586853027344 15
1741589815545 30.90640640258789 16
1741589815978 30.4908447265625 17
1741589816412 30.28584098815918 18
1741589816846 29.570423126220703 19
1741589817276 29.666046142578125 20
1741589817706 29.321279525756836 21
1741589818167 28.683242797851562 22
1741589818631 28.617908477783203 23
1741589819077 28.170188903808594 24
1741589819542 28.329296112060547 25
1741589819999 27.985502243041992 26
1741589820523 27.645246505737305 27
1741589821004 27.419931411743164 28
1741589821483 27.47568130493164 29
1741589821935 26.911951065063477 30
1741589822400 26.849273681640625 31
1741589822876 26.913288116455078 32
1741589823338 26.88494873046875 33
1741589823797 26.88978385925293 34
1741589824271 26.500215530395508 35
1741589824762 26.445934295654297 36
1741589825268 26.2187442779541 37
1741589825732 25.9439754486084 38
1741589826197 25.958341598510742 39
1741589826665 25.74405288696289 40
1741589827116 25.66058921813965 41
1741589827582 25.532779693603516 42
1741589828058 25.41855239868164 43
1741589828547 25.46236801147461 44
1741589829010 25.47141456604004 45
1741589829465 25.19904327392578 46
1741589829930 25.19229507446289 47
1741589830419 25.38724708557129 48
1741589830954 25.109973907470703 49
1741589831432 24.97956085205078 50
1741589831892 24.761119842529297 51
1741589832364 24.499515533447266 52
1741589832810 24.430278778076172 53
1741589833260 24.545766830444336 54
1741589833709 24.657569885253906 55
1741589834159 24.212688446044922 56
1741589834609 24.20644760131836 57
1741589835060 24.350942611694336 58
1741589835514 24.26764678955078 59
1741589835998 23.787582397460938 60
1741589836459 24.003007888793945 61
1741589836918 23.85985565185547 62
1741589837399 23.610193252563477 63
1741589837846 23.568077087402344 64
1741589838291 23.732275009155273 65
1741589838741 23.453643798828125 66
1741589839242 23.58339500427246 67
1741589839710 23.66696548461914 68
1741589840182 24.04759407043457 69
1741589840648 24.1314697265625 70
1741589841130 23.45339012145996 71
1741589841592 23.532739639282227 72
1741589842058 23.40576934814453 73
1741589842515 23.10358428955078 74
1741589842993 23.111833572387695 75
1741589843490 23.35879898071289 76
1741589843975 23.031192779541016 77
1741589844425 22.70575714111328 78
1741589844875 22.490360260009766 79
1741589845307 22.624923706054688 80
1741589845759 22.446401596069336 81
1741589846201 22.705833435058594 82
1741589846656 22.538414001464844 83
1741589847107 22.16688346862793 84
1741589847558 22.163362503051758 85
1741589848008 22.304786682128906 86
1741589848440 22.24372100830078 87
1741589848892 22.338726043701172 88
1741589849343 22.395845413208008 89
1741589849809 21.91959571838379 90
1741589850260 21.933589935302734 91
1741589850709 21.659570693969727 92
1741589851192 21.63923454284668 93
1741589851692 21.892099380493164 94
1741589852190 21.496349334716797 95
1741589852648 21.27350616455078 96
1741589853141 21.400358200073242 97
1741589853609 21.292177200317383 98
1741589854064 21.27138328552246 99
