1741589808550 0.917853832244873 0
1741589809000 0.7865093946456909 1
1741589809433 0.7284459471702576 2
1741589809866 0.6899083256721497 3
1741589810306 0.6724448204040527 4
1741589810744 0.6550832390785217 5
1741589811197 0.6445093154907227 6
1741589811644 0.6269432306289673 7
1741589812086 0.6056697368621826 8
1741589812519 0.5795702338218689 9
1741589812948 0.5533648133277893 10
1741589813374 0.5244086384773254 11
1741589813799 0.49735328555107117 12
1741589814236 0.47466975450515747 13
1741589814671 0.4544464647769928 14
1741589815095 0.4364255368709564 15
1741589815545 0.4207581579685211 16
1741589815978 0.4085512161254883 17
1741589816412 0.39940106868743896 18
1741589816846 0.3924233019351959 19
1741589817276 0.38603338599205017 20
1741589817706 0.38299036026000977 21
1741589818167 0.37775444984436035 22
1741589818631 0.3746783137321472 23
1741589819077 0.3713081181049347 24
1741589819542 0.3689040243625641 25
1741589819999 0.3658287525177002 26
1741589820523 0.36404579877853394 27
1741589821004 0.3614591658115387 28
1741589821483 0.35950967669487 29
1741589821935 0.3577847182750702 30
1741589822400 0.35593050718307495 31
1741589822876 0.35460299253463745 32
1741589823338 0.3534798324108124 33
1741589823797 0.35229751467704773 34
1741589824271 0.35086989402770996 35
1741589824762 0.34971776604652405 36
1741589825268 0.3486683666706085 37
1741589825732 0.3476202189922333 38
1741589826197 0.34655240178108215 39
1741589826665 0.3456867039203644 40
1741589827116 0.34475842118263245 41
1741589827582 0.34374573826789856 42
1741589828058 0.34291568398475647 43
1741589828547 0.34230202436447144 44
1741589829010 0.34147605299949646 45
1741589829465 0.3408319354057312 46
1741589829930 0.3408648371696472 47
1741589830419 0.34012526273727417 48
1741589830954 0.3388928472995758 49
1741589831432 0.3381411135196686 50
1741589831892 0.3377452492713928 51
1741589832364 0.3365422487258911 52
1741589832810 0.33597737550735474 53
1741589833260 0.3354533612728119 54
1741589833709 0.33476725220680237 55
1741589834159 0.3340696394443512 56
1741589834609 0.33331677317619324 57
1741589835060 0.33295711874961853 58
1741589835514 0.33226990699768066 59
1741589835998 0.33174192905426025 60
1741589836459 0.33195245265960693 61
1741589836918 0.33092302083969116 62
1741589837399 0.330655574798584 63
1741589837846 0.33007878065109253 64
1741589838291 0.3297235667705536 65
1741589838741 0.32946956157684326 66
1741589839242 0.3291753828525543 67
1741589839710 0.3289380371570587 68
1741589840182 0.32839685678482056 69
1741589840648 0.32785338163375854 70
1741589841130 0.3274654150009155 71
1741589841592 0.3271303176879883 72
1741589842058 0.326817125082016 73
1741589842515 0.3265343904495239 74
1741589842993 0.32677754759788513 75
1741589843490 0.32603803277015686 76
1741589843975 0.3258834481239319 77
1741589844425 0.3256624937057495 78
1741589844875 0.3250172436237335 79
1741589845307 0.32515522837638855 80
1741589845759 0.32480388879776 81
1741589846201 0.3244943618774414 82
1741589846656 0.3241101801395416 83
1741589847107 0.32373449206352234 84
1741589847558 0.32365357875823975 85
1741589848008 0.32332178950309753 86
1741589848440 0.3230925500392914 87
1741589848892 0.3228916525840759 88
1741589849343 0.3228539526462555 89
1741589849809 0.32250624895095825 90
1741589850260 0.3222218453884125 91
1741589850709 0.32211771607398987 92
1741589851192 0.321834921836853 93
1741589851692 0.3217657208442688 94
1741589852190 0.3214508891105652 95
1741589852648 0.3212316632270813 96
1741589853141 0.32123520970344543 97
1741589853609 0.32103854417800903 98
1741589854064 0.32105517387390137 99
