1741579279352 0.49879926443099976 0
1741579279786 0.31684574484825134 1
1741579280192 0.27861055731773376 2
1741579280600 0.2625678479671478 3
1741579281005 0.2502290606498718 4
1741579281411 0.24114201962947845 5
1741579281811 0.23385444283485413 6
1741579282222 0.22790877521038055 7
1741579282635 0.22313404083251953 8
1741579283058 0.21925975382328033 9
1741579283479 0.21626262366771698 10
1741579283900 0.21283408999443054 11
1741579284323 0.2101464867591858 12
1741579284751 0.208074152469635 13
1741579285168 0.2062416672706604 14
1741579285592 0.204636350274086 15
1741579286018 0.20323923230171204 16
1741579286433 0.2020576149225235 17
1741579286850 0.20103295147418976 18
1741579287259 0.20015935599803925 19
1741579287696 0.19949913024902344 20
1741579288137 0.19947700202465057 21
1741579288577 0.1987633854150772 22
1741579288992 0.19824688136577606 23
1741579289397 0.19808246195316315 24
1741579289806 0.1973392218351364 25
1741579290212 0.19702206552028656 26
1741579290617 0.19676437973976135 27
1741579291005 0.19716885685920715 28
1741579291425 0.19782061874866486 29
