1741579279352 392242.96875 0
1741579279786 460943.5625 1
1741579280192 489859.53125 2
1741579280600 508740.96875 3
1741579281005 512567.46875 4
1741579281411 515763.59375 5
1741579281811 520122.6875 6
1741579282222 526491.0 7
1741579282635 531279.5 8
1741579283058 532333.5625 9
1741579283479 534697.625 10
1741579283900 533911.0 11
1741579284323 536491.4375 12
1741579284751 537470.625 13
1741579285168 538884.5625 14
1741579285592 538276.125 15
1741579286018 540184.4375 16
1741579286433 540452.5 17
1741579286850 543003.6875 18
1741579287259 542932.3125 19
1741579287696 544464.6875 20
1741579288137 545015.4375 21
1741579288577 545845.4375 22
1741579288992 546727.75 23
1741579289397 549165.1875 24
1741579289806 547059.625 25
1741579290212 548632.375 26
1741579290617 548553.0 27
1741579291005 548485.6875 28
1741579291425 552093.25 29
