1741582096112 0.8911541104316711 0
1741582096472 0.6597625017166138 1
1741582096825 0.585961639881134 2
1741582097187 0.5233595967292786 3
1741582097548 0.48642855882644653 4
1741582097911 0.4158131182193756 5
1741582098274 0.4054623544216156 6
1741582098641 0.31772270798683167 7
1741582099007 0.35131120681762695 8
1741582099371 0.2741374671459198 9
1741582099729 0.2449694126844406 10
1741582100091 0.22935502231121063 11
1741582100456 0.19671466946601868 12
1741582100808 0.31659483909606934 13
1741582101172 0.20374245941638947 14
1741582101530 0.17510056495666504 15
1741582101895 0.16183890402317047 16
1741582102262 0.2169537991285324 17
1741582102626 0.14540129899978638 18
1741582102992 0.1859862059354782 19
1741582103358 0.13617365062236786 20
1741582103724 0.1591006964445114 21
1741582104074 0.12860842049121857 22
1741582104427 0.13081391155719757 23
1741582104798 0.12135504186153412 24
1741582105141 0.1289796084165573 25
1741582105507 0.11539432406425476 26
1741582105874 0.12711749970912933 27
1741582106231 0.11745201796293259 28
1741582106591 0.13120320439338684 29
1741582106974 0.11106542497873306 30
