1741578157564 17784.82421875 0
1741578157993 7995.95068359375 1
1741578158397 5047.54052734375 2
1741578158810 3220.940185546875 3
1741578159208 1954.6180419921875 4
1741578159643 1262.036865234375 5
1741578160077 977.5365600585938 6
1741578160510 1314.125244140625 7
1741578160926 1849.102294921875 8
1741578161344 1259.8114013671875 9
1741578161788 1128.6954345703125 10
1741578162201 829.6017456054688 11
1741578162613 956.31201171875 12
1741578163041 952.5957641601562 13
1741578163455 792.3463745117188 14
1741578163876 648.1698608398438 15
1741578164330 556.0460205078125 16
1741578164780 512.038818359375 17
1741578165217 852.3471069335938 18
1741578165625 1168.019287109375 19
1741578166048 1240.0916748046875 20
1741578166475 772.60498046875 21
1741578166895 706.3099975585938 22
1741578167313 775.8544311523438 23
1741578167724 591.447998046875 24
1741578168141 841.45654296875 25
1741578168575 840.6431884765625 26
1741578169012 457.7591247558594 27
1741578169428 573.7635498046875 28
1741578169841 553.1551513671875 29
1741578170258 426.8155212402344 30
1741578170675 780.3728637695312 31
1741578171095 631.0833740234375 32
1741578171514 532.1971435546875 33
1741578171936 632.5350341796875 34
1741578172341 691.4959106445312 35
1741578172776 339.1664733886719 36
1741578173207 474.3916931152344 37
1741578173608 455.6959533691406 38
1741578174032 372.6121520996094 39
1741578174457 483.913330078125 40
1741578174874 447.3707275390625 41
1741578175278 413.0693359375 42
1741578175714 617.2626953125 43
1741578176166 605.8250732421875 44
1741578176602 1066.7659912109375 45
1741578177025 765.549560546875 46
1741578177441 356.52081298828125 47
1741578177858 717.082275390625 48
1741578178279 582.8602905273438 49
