1741578886407 23326.08203125 0
1741578886820 4749.888671875 1
1741578887233 3047.22412109375 2
1741578887654 3621.76416015625 3
1741578888064 3739.136962890625 4
1741578888483 2610.62890625 5
1741578888878 1784.0869140625 6
1741578889294 1251.6429443359375 7
1741578889712 1103.275146484375 8
1741578890128 1034.2222900390625 9
1741578890577 1538.6107177734375 10
1741578890993 1993.171142578125 11
1741578891427 918.1056518554688 12
1741578891863 893.9267578125 13
1741578892277 705.136962890625 14
1741578892693 835.561279296875 15
1741578893114 996.7565307617188 16
1741578893553 1132.9537353515625 17
1741578893982 947.0532836914062 18
1741578894416 575.2910766601562 19
1741578894815 545.3991088867188 20
1741578895244 519.3453369140625 21
1741578895652 613.4988403320312 22
1741578896076 734.9381713867188 23
1741578896497 904.202392578125 24
1741578896927 1248.452392578125 25
1741578897350 1160.280517578125 26
1741578897762 893.2449340820312 27
1741578898178 659.1614379882812 28
1741578898610 934.9755859375 29
