1741578886407 1.010021448135376 0
1741578886820 0.9926018714904785 1
1741578887233 0.9933570027351379 2
1741578887654 0.9963744282722473 3
1741578888064 0.9961957931518555 4
1741578888483 0.9978356957435608 5
1741578888878 0.997663676738739 6
1741578889294 0.996026337146759 7
1741578889712 0.9973601698875427 8
1741578890128 0.997413158416748 9
1741578890577 0.9966933131217957 10
1741578890993 0.997086763381958 11
1741578891427 0.9965848326683044 12
1741578891863 0.9972813725471497 13
1741578892277 0.9977346658706665 14
1741578892693 0.9976639747619629 15
1741578893114 0.9975127577781677 16
1741578893553 0.9972222447395325 17
1741578893982 0.9974260330200195 18
1741578894416 0.997840404510498 19
1741578894815 0.9972409009933472 20
1741578895244 0.9979878067970276 21
1741578895652 0.9976792335510254 22
1741578896076 0.9979616403579712 23
1741578896497 0.9980930685997009 24
1741578896927 0.9981686472892761 25
1741578897350 0.9982921481132507 26
1741578897762 0.9981365203857422 27
1741578898178 0.9987789988517761 28
1741578898610 0.9985253214836121 29
