1741577419708 22637.96875 0
1741577420122 6150.10791015625 1
1741577420543 3911.31298828125 2
1741577420968 2263.238525390625 3
1741577421392 2544.6796875 4
1741577421824 2540.795654296875 5
1741577422242 1231.1854248046875 6
1741577422643 882.8544921875 7
1741577423082 681.8859252929688 8
1741577423508 881.1378784179688 9
1741577423926 1202.365966796875 10
1741577424346 1473.8951416015625 11
1741577424764 1565.16357421875 12
1741577425176 692.0383911132812 13
1741577425599 949.5418090820312 14
1741577426015 1000.629638671875 15
1741577426434 678.5234985351562 16
1741577426859 792.5465087890625 17
1741577427275 664.8555908203125 18
1741577427691 964.7125854492188 19
1741577428108 468.9254455566406 20
1741577428544 1114.2711181640625 21
1741577428961 679.163818359375 22
1741577429378 590.7025756835938 23
1741577429794 547.0910034179688 24
1741577430209 565.8026733398438 25
1741577430636 914.1544189453125 26
1741577431052 545.8306274414062 27
1741577431461 710.90771484375 28
1741577431910 724.294189453125 29
1741577432373 1243.3853759765625 30
1741577432842 616.1316528320312 31
1741577433308 336.56585693359375 32
1741577433758 814.0845336914062 33
1741577434210 524.1944580078125 34
1741577434642 625.8493041992188 35
1741577435109 361.0205078125 36
1741577435560 390.64801025390625 37
1741577435991 518.4873657226562 38
1741577436458 390.21246337890625 39
1741577436892 422.1045227050781 40
1741577437360 398.30010986328125 41
1741577437809 349.2822570800781 42
1741577438258 367.71087646484375 43
1741577438718 743.2891235351562 44
1741577439195 547.1348266601562 45
1741577439681 367.213134765625 46
1741577440158 475.0340881347656 47
1741577440630 255.31060791015625 48
1741577441091 421.6636047363281 49
