1741579857838 11612297.0 0
1741579858139 12761949.0 1
1741579858438 12605707.0 2
1741579858732 12767853.0 3
1741579859033 12732793.0 4
1741579859332 12712992.0 5
1741579859633 12724456.0 6
1741579859938 12732571.0 7
1741579860231 12702003.0 8
1741579860531 12710601.0 9
1741579860815 12642892.0 10
1741579861117 12617400.0 11
1741579861415 12579029.0 12
1741579861719 12528215.0 13
1741579862024 12458427.0 14
1741579862314 12501921.0 15
1741579862631 12364645.0 16
1741579862942 12199528.0 17
1741579863263 12169279.0 18
1741579863570 11999442.0 19
1741579863870 11890520.0 20
1741579864170 11697672.0 21
1741579864465 11506632.0 22
1741579864754 11654265.0 23
1741579865054 11464595.0 24
1741579865348 11121832.0 25
1741579865650 10853100.0 26
1741579865936 10646866.0 27
1741579866228 10706038.0 28
1741579866519 10435966.0 29
1741579866816 10161677.0 30
1741579867121 9837825.0 31
1741579867420 9675915.0 32
1741579867714 9366574.0 33
1741579868016 9167156.0 34
1741579868300 9148692.0 35
1741579868616 8941945.0 36
1741579868910 8735374.0 37
1741579869214 8528991.0 38
1741579869504 8322875.0 39
1741579869796 8217289.5 40
1741579870097 7986300.5 41
1741579870394 7826716.5 42
1741579870700 7646694.0 43
1741579871003 7888970.0 44
1741579871314 7599147.5 45
1741579871621 7391019.5 46
1741579871946 7290450.5 47
1741579872231 7209100.0 48
1741579872530 7090960.5 49
1741579872833 6960398.0 50
1741579873149 6897432.5 51
1741579873466 6824196.0 52
1741579873777 6813210.0 53
1741579874095 6776401.0 54
1741579874402 6831574.5 55
1741579874746 6699036.5 56
1741579875116 6738668.5 57
1741579875464 6566658.5 58
1741579875781 6594594.0 59
1741579876103 6513950.5 60
1741579876435 6517753.5 61
1741579876749 6513234.0 62
1741579877086 6477743.0 63
1741579877408 6326689.0 64
1741579877713 6417412.0 65
1741579878049 6338052.5 66
1741579878370 6329345.0 67
1741579878714 6259859.5 68
1741579879049 6315476.5 69
1741579879391 6215273.0 70
1741579879721 6144929.5 71
1741579880042 6096340.5 72
1741579880378 6099545.0 73
1741579880696 6067255.0 74
1741579881012 5987968.5 75
1741579881339 5979190.5 76
1741579881653 5902564.5 77
1741579881950 5893217.5 78
1741579882268 5898674.5 79
1741579882577 5876288.0 80
1741579882892 5783326.0 81
1741579883202 5730659.0 82
1741579883514 5743729.5 83
1741579883819 5668401.0 84
1741579884134 5612233.0 85
1741579884451 5586407.0 86
1741579884762 5521316.0 87
1741579885085 5473920.5 88
1741579885403 5507570.5 89
1741579885728 5409050.5 90
1741579886028 5427516.5 91
1741579886350 5347526.5 92
1741579886687 5319215.5 93
1741579887019 5276791.0 94
1741579887356 5250362.5 95
1741579887699 5203546.0 96
1741579888012 5287986.0 97
1741579888329 5318141.5 98
1741579888679 5359935.0 99
