1741580218339 1.024461030960083 0
1741580218684 1.04542875289917 1
1741580219015 1.041411280632019 2
1741580219366 1.0446557998657227 3
1741580219710 1.0404117107391357 4
1741580220064 1.0338207483291626 5
1741580220408 1.0374537706375122 6
1741580220734 1.0374892950057983 7
1741580221082 1.0343223810195923 8
1741580221414 1.036780595779419 9
1741580221760 1.0379910469055176 10
1741580222093 1.0361998081207275 11
1741580222441 1.034547209739685 12
1741580222789 1.0375479459762573 13
1741580223137 1.036530613899231 14
1741580223495 1.0364582538604736 15
1741580223871 1.0352263450622559 16
1741580224249 1.0353538990020752 17
1741580224629 1.037729024887085 18
1741580225000 1.0372095108032227 19
1741580225373 1.0361884832382202 20
1741580225781 1.0358097553253174 21
1741580226152 1.0336707830429077 22
1741580226516 1.033856987953186 23
1741580226877 1.0332915782928467 24
1741580227246 1.0355855226516724 25
1741580227625 1.0334335565567017 26
1741580228011 1.035858392715454 27
1741580228394 1.035009503364563 28
1741580228794 1.0354936122894287 29
1741580229145 1.0349578857421875 30
1741580229510 1.031665563583374 31
1741580229888 1.0340111255645752 32
1741580230241 1.0337653160095215 33
1741580230623 1.031705379486084 34
1741580230984 1.0340089797973633 35
1741580231345 1.0343406200408936 36
1741580231709 1.0339818000793457 37
1741580232126 1.0342931747436523 38
1741580232479 1.0338515043258667 39
1741580232842 1.0332103967666626 40
1741580233212 1.0339123010635376 41
1741580233576 1.0332297086715698 42
1741580233942 1.0336027145385742 43
1741580234297 1.0332114696502686 44
1741580234678 1.0329904556274414 45
1741580235080 1.0333373546600342 46
1741580235476 1.0321604013442993 47
1741580235860 1.0335516929626465 48
1741580236244 1.0334111452102661 49
1741580236618 1.033111810684204 50
1741580236977 1.0329651832580566 51
1741580237338 1.033449649810791 52
1741580237693 1.0330045223236084 53
1741580238076 1.0329173803329468 54
1741580238460 1.032923936843872 55
1741580238822 1.0333014726638794 56
1741580239177 1.0332181453704834 57
1741580239560 1.0330967903137207 58
1741580239942 1.0331764221191406 59
1741580240327 1.032711386680603 60
1741580240693 1.0325251817703247 61
1741580241060 1.032900333404541 62
1741580241426 1.0329352617263794 63
1741580241793 1.0332807302474976 64
1741580242160 1.0324606895446777 65
1741580242524 1.0329406261444092 66
1741580242898 1.0330455303192139 67
1741580243265 1.032710075378418 68
1741580243643 1.033432126045227 69
1741580244043 1.0325095653533936 70
1741580244428 1.0328449010849 71
1741580244842 1.0319936275482178 72
1741580245214 1.0331193208694458 73
1741580245576 1.0323880910873413 74
1741580245948 1.032340407371521 75
1741580246310 1.0326087474822998 76
1741580246676 1.032642126083374 77
1741580247063 1.0319169759750366 78
1741580247433 1.0325753688812256 79
1741580247799 1.0320760011672974 80
1741580248166 1.0325729846954346 81
1741580248526 1.0321980714797974 82
1741580248893 1.032163143157959 83
1741580249270 1.0322473049163818 84
1741580249634 1.0326720476150513 85
1741580249998 1.032253623008728 86
1741580250365 1.0322550535202026 87
1741580250738 1.0320188999176025 88
1741580251122 1.0323944091796875 89
1741580251511 1.0323418378829956 90
1741580251878 1.0328609943389893 91
1741580252249 1.0323338508605957 92
1741580252609 1.0319970846176147 93
1741580252976 1.031900405883789 94
1741580253328 1.0318000316619873 95
1741580253711 1.0321035385131836 96
1741580254076 1.0322425365447998 97
1741580254459 1.0321604013442993 98
1741580254832 1.0324050188064575 99
