1741579632997 11418210.0 0
1741579633313 12612069.0 1
1741579633618 12697180.0 2
1741579633930 12733356.0 3
1741579634230 12755872.0 4
1741579634545 12783335.0 5
1741579634864 12840817.0 6
1741579635192 12819680.0 7
1741579635501 12856586.0 8
1741579635811 12817796.0 9
1741579636117 12856838.0 10
1741579636430 12799601.0 11
1741579636741 12758957.0 12
1741579637063 12626381.0 13
1741579637371 12567284.0 14
1741579637682 12542637.0 15
1741579637990 12389589.0 16
1741579638303 12705117.0 17
1741579638610 12328804.0 18
1741579638927 12023098.0 19
1741579639234 12024374.0 20
1741579639554 11753218.0 21
1741579639861 11578902.0 22
1741579640166 11312750.0 23
1741579640469 11108201.0 24
1741579640763 11518827.0 25
1741579641070 11361272.0 26
1741579641381 10729979.0 27
1741579641693 10576320.0 28
1741579642003 10482382.0 29
