1741579632997 0.21905414760112762 0
1741579633313 0.080438993871212 1
1741579633618 0.06243528425693512 2
1741579633930 0.05438599735498428 3
1741579634230 0.04891650751233101 4
1741579634545 0.044807158410549164 5
1741579634864 0.04172942414879799 6
1741579635192 0.03931812942028046 7
1741579635501 0.03721746429800987 8
1741579635811 0.03564590588212013 9
1741579636117 0.03420690819621086 10
1741579636430 0.0333763062953949 11
1741579636741 0.03193601593375206 12
1741579637063 0.03145705163478851 13
1741579637371 0.02995327301323414 14
1741579637682 0.030412400141358376 15
1741579637990 0.030212637037038803 16
1741579638303 0.03084445372223854 17
1741579638610 0.02719549648463726 18
1741579638927 0.02581818588078022 19
1741579639234 0.02576848492026329 20
1741579639554 0.02418377995491028 21
1741579639861 0.023082571104168892 22
1741579640166 0.02181270346045494 23
1741579640469 0.021223464980721474 24
1741579640763 0.024733684957027435 25
1741579641070 0.022372087463736534 26
1741579641381 0.019445884972810745 27
1741579641693 0.018094219267368317 28
1741579642003 0.019005300477147102 29
