1741579734061 10561671.0 0
1741579734361 12654960.0 1
1741579734660 12441839.0 2
1741579734962 12645738.0 3
1741579735259 12656992.0 4
1741579735559 12668910.0 5
1741579735874 12690717.0 6
1741579736185 12615434.0 7
1741579736505 12632359.0 8
1741579736812 12672304.0 9
1741579737106 12567773.0 10
1741579737407 12524512.0 11
1741579737711 12438647.0 12
1741579738017 12395318.0 13
1741579738308 12191646.0 14
1741579738611 12053715.0 15
1741579738913 12045172.0 16
1741579739223 11911467.0 17
1741579739521 11729347.0 18
1741579739805 11699580.0 19
1741579740105 11617883.0 20
1741579740405 11471619.0 21
1741579740705 11206708.0 22
1741579741021 11163050.0 23
1741579741322 11173461.0 24
1741579741621 11232971.0 25
1741579741924 11285016.0 26
1741579742240 11032298.0 27
1741579742537 11128991.0 28
1741579742837 11184642.0 29
1741579743121 10762218.0 30
1741579743422 10466268.0 31
1741579743738 10316231.0 32
1741579744057 10223176.0 33
1741579744380 10086973.0 34
1741579744687 9829454.0 35
1741579744990 9727748.0 36
1741579745309 9526608.0 37
1741579745607 9340609.0 38
1741579745902 9420350.0 39
1741579746204 9432909.0 40
1741579746520 8941707.0 41
1741579746820 8795823.0 42
1741579747120 8651154.0 43
1741579747417 8479199.0 44
1741579747707 8330746.5 45
1741579748014 8189647.0 46
1741579748318 8100262.0 47
1741579748636 7976508.5 48
1741579748956 7862086.0 49
1741579749273 7728233.5 50
1741579749569 7547226.5 51
1741579749870 7446373.5 52
1741579750171 7352866.5 53
1741579750471 7297967.0 54
1741579750784 7290407.5 55
1741579751074 7182352.0 56
1741579751390 7086361.0 57
1741579751705 7049519.5 58
1741579752002 7018564.5 59
1741579752321 7006666.5 60
1741579752619 7056915.0 61
1741579752947 6866322.5 62
1741579753284 6972848.5 63
1741579753585 6900130.5 64
1741579753889 6835902.5 65
1741579754189 7039495.0 66
1741579754490 6884601.0 67
1741579754806 6739910.5 68
1741579755128 6680940.0 69
1741579755459 6612425.0 70
1741579755771 6581672.5 71
1741579756086 6535041.5 72
1741579756391 6548951.5 73
1741579756690 6518974.5 74
1741579757003 6519134.5 75
1741579757324 6490815.0 76
1741579757663 6418986.0 77
1741579758013 6422848.5 78
1741579758336 6406167.0 79
1741579758654 6331580.5 80
1741579758969 6441299.0 81
1741579759285 6369389.0 82
1741579759621 6197354.5 83
1741579759979 6199705.0 84
1741579760325 6210063.0 85
1741579760652 6223042.0 86
1741579760970 6354553.0 87
1741579761315 6328040.0 88
1741579761623 6068253.5 89
1741579761970 6020845.0 90
1741579762295 5945949.0 91
1741579762604 5898657.0 92
1741579762920 5858312.0 93
1741579763242 5816880.0 94
1741579763569 5767330.5 95
1741579763927 5741071.5 96
1741579764275 5674625.0 97
1741579764620 5630979.0 98
1741579764950 5625890.0 99
1741579765260 5559123.5 100
1741579765589 5526647.5 101
1741579765931 5563440.0 102
1741579766253 5444447.0 103
1741579766573 5464477.5 104
1741579766899 5398260.0 105
1741579767218 5385752.0 106
1741579767556 5359595.5 107
1741579767885 5292042.0 108
1741579768203 5262149.5 109
1741579768554 5213639.5 110
1741579768882 5165874.5 111
1741579769206 5168449.5 112
1741579769532 5121346.0 113
1741579769857 5051199.0 114
1741579770179 5074276.5 115
1741579770504 5093360.5 116
1741579770846 5006454.5 117
1741579771186 4974819.0 118
1741579771521 4958195.5 119
