1741579734061 0.30371958017349243 0
1741579734361 0.09288427978754044 1
1741579734660 0.07112512737512589 2
1741579734962 0.06175179034471512 3
1741579735259 0.05515294149518013 4
1741579735559 0.04998809099197388 5
1741579735874 0.045782435685396194 6
1741579736185 0.04237297549843788 7
1741579736505 0.039654724299907684 8
1741579736812 0.03739459812641144 9
1741579737106 0.03546080365777016 10
1741579737407 0.033777300268411636 11
1741579737711 0.03232395648956299 12
1741579738017 0.031223567202687263 13
1741579738308 0.02931169979274273 14
1741579738611 0.028933625668287277 15
1741579738913 0.027817673981189728 16
1741579739223 0.027093570679426193 17
1741579739521 0.026362724602222443 18
1741579739805 0.025794902816414833 19
1741579740105 0.024766573682427406 20
1741579740405 0.02343890629708767 21
1741579740705 0.02257143147289753 22
1741579741021 0.022525103762745857 23
1741579741322 0.021924693137407303 24
1741579741621 0.0267911646515131 25
1741579741924 0.02358914539217949 26
1741579742240 0.020108914002776146 27
1741579742537 0.021614085882902145 28
1741579742837 0.020917968824505806 29
1741579743121 0.01899319514632225 30
1741579743422 0.018427707254886627 31
1741579743738 0.01734856143593788 32
1741579744057 0.017780233174562454 33
1741579744380 0.016352903097867966 34
1741579744687 0.015659037977457047 35
1741579744990 0.014905310235917568 36
1741579745309 0.014397350139915943 37
1741579745607 0.013860834762454033 38
1741579745902 0.015169437043368816 39
1741579746204 0.015257550403475761 40
1741579746520 0.012628710828721523 41
1741579746820 0.012106085196137428 42
1741579747120 0.011816132813692093 43
1741579747417 0.011379268020391464 44
1741579747707 0.01098513975739479 45
1741579748014 0.01104046031832695 46
1741579748318 0.010832659900188446 47
1741579748636 0.010996720753610134 48
1741579748956 0.01035838108509779 49
1741579749273 0.0102003812789917 50
1741579749569 0.009503023698925972 51
1741579749870 0.009138599969446659 52
1741579750171 0.008873630315065384 53
1741579750471 0.00885626208037138 54
1741579750784 0.008833382278680801 55
1741579751074 0.008657489903271198 56
1741579751390 0.008315959013998508 57
1741579751705 0.008161052130162716 58
1741579752002 0.008112085983157158 59
1741579752321 0.00822744332253933 60
1741579752619 0.008370542898774147 61
1741579752947 0.00829144287854433 62
1741579753284 0.008243106305599213 63
1741579753585 0.008048290386795998 64
1741579753889 0.007978308014571667 65
1741579754189 0.008814015425741673 66
1741579754490 0.0084510687738657 67
1741579754806 0.007788907736539841 68
1741579755128 0.007537600584328175 69
1741579755459 0.007279461249709129 70
1741579755771 0.00714549794793129 71
1741579756086 0.0071031637489795685 72
1741579756391 0.007125526666641235 73
1741579756690 0.007087443955242634 74
1741579757003 0.007140758913010359 75
1741579757324 0.007300115656107664 76
1741579757663 0.006978317629545927 77
1741579758013 0.007230883464217186 78
1741579758336 0.007083242293447256 79
1741579758654 0.007211275864392519 80
1741579758969 0.007909306325018406 81
1741579759285 0.00717709306627512 82
1741579759621 0.006643866654485464 83
1741579759979 0.0065238275565207005 84
1741579760325 0.0066843181848526 85
1741579760652 0.0069462270475924015 86
1741579760970 0.009159833192825317 87
1741579761315 0.007896000519394875 88
1741579761623 0.006672967225313187 89
1741579761970 0.0064394730143249035 90
1741579762295 0.006251438520848751 91
1741579762604 0.00616081990301609 92
1741579762920 0.0061157019808888435 93
1741579763242 0.006105801090598106 94
1741579763569 0.005953347310423851 95
1741579763927 0.005964855197817087 96
1741579764275 0.005874003283679485 97
1741579764620 0.005858592223376036 98
1741579764950 0.00583261763677001 99
1741579765260 0.005757318809628487 100
1741579765589 0.005729150027036667 101
1741579765931 0.005751571152359247 102
1741579766253 0.005752130877226591 103
1741579766573 0.005873533897101879 104
1741579766899 0.0059020076878368855 105
1741579767218 0.005599931348115206 106
1741579767556 0.00592914130538702 107
1741579767885 0.005683668423444033 108
1741579768203 0.005440297536551952 109
1741579768554 0.005344053264707327 110
1741579768882 0.005361173767596483 111
1741579769206 0.005360796116292477 112
1741579769532 0.005482234060764313 113
1741579769857 0.005261719226837158 114
1741579770179 0.0051802583038806915 115
1741579770504 0.005233061034232378 116
1741579770846 0.00512302340939641 117
1741579771186 0.005078048910945654 118
1741579771521 0.005090984050184488 119
