1741581859603 62.21435546875 0
1741581859938 101.56307983398438 1
1741581860271 69.76834106445312 2
1741581860654 56.756839752197266 3
1741581861012 44.52412796020508 4
1741581861367 47.538761138916016 5
1741581861699 44.77722930908203 6
1741581862038 40.319427490234375 7
1741581862386 37.540626525878906 8
1741581862721 40.57534408569336 9
1741581863071 33.051979064941406 10
1741581863404 35.4951057434082 11
1741581863751 35.650821685791016 12
1741581864083 37.400089263916016 13
1741581864422 30.69869613647461 14
1741581864771 33.04749298095703 15
1741581865142 32.737030029296875 16
1741581865503 37.82442092895508 17
1741581865914 36.02089309692383 18
1741581866334 34.177162170410156 19
1741581866755 32.54228973388672 20
1741581867173 32.005985260009766 21
1741581867572 32.16587448120117 22
1741581867995 32.79938507080078 23
1741581868397 30.06632423400879 24
1741581868817 34.9706916809082 25
1741581869239 28.292984008789062 26
1741581869654 31.406705856323242 27
1741581870076 29.285343170166016 28
1741581870522 31.476730346679688 29
1741581870972 34.373233795166016 30
1741581871389 30.37994384765625 31
1741581871800 27.676883697509766 32
1741581872206 33.9843635559082 33
1741581872630 30.510046005249023 34
1741581873057 29.328887939453125 35
1741581873472 29.47224235534668 36
1741581873889 31.554122924804688 37
1741581874306 29.98773956298828 38
1741581874722 27.396793365478516 39
1741581875141 24.565366744995117 40
1741581875548 26.882583618164062 41
1741581875956 24.725116729736328 42
1741581876366 30.294445037841797 43
1741581876763 28.94998550415039 44
1741581877181 29.02057456970215 45
1741581877587 25.28690528869629 46
1741581878002 33.26610565185547 47
1741581878430 23.518049240112305 48
1741581878868 26.6663818359375 49
1741581879272 24.73663330078125 50
1741581879685 31.363082885742188 51
1741581880099 25.528575897216797 52
1741581880519 26.01164436340332 53
1741581880934 22.672677993774414 54
1741581881370 25.902679443359375 55
1741581881776 23.160429000854492 56
1741581882190 25.24311065673828 57
1741581882603 21.563203811645508 58
1741581883024 23.95195198059082 59
1741581883436 23.605581283569336 60
1741581883861 22.26640510559082 61
1741581884266 23.5550594329834 62
1741581884702 26.459720611572266 63
1741581885118 24.23029136657715 64
1741581885529 24.97652816772461 65
1741581885967 29.140621185302734 66
1741581886411 23.898239135742188 67
1741581886821 26.849458694458008 68
1741581887237 22.497270584106445 69
1741581887681 25.903606414794922 70
1741581888110 22.344655990600586 71
1741581888530 24.282604217529297 72
1741581888991 21.46999168395996 73
1741581889423 22.789642333984375 74
1741581889853 20.675079345703125 75
1741581890284 25.512662887573242 76
1741581890713 21.196569442749023 77
1741581891170 22.819841384887695 78
1741581891624 22.121883392333984 79
1741581892050 23.874542236328125 80
1741581892472 23.555984497070312 81
1741581892888 24.3056583404541 82
1741581893316 22.92163848876953 83
1741581893735 25.280466079711914 84
1741581894171 26.73740005493164 85
1741581894582 25.386524200439453 86
1741581895005 21.92509651184082 87
1741581895420 25.380388259887695 88
1741581895847 22.44720458984375 89
1741581896219 19.167383193969727 90
1741581896603 22.305639266967773 91
1741581896975 21.528337478637695 92
1741581897352 21.11404800415039 93
1741581897708 19.766756057739258 94
1741581898071 21.030012130737305 95
1741581898418 19.392751693725586 96
1741581898771 20.627161026000977 97
1741581899132 18.551422119140625 98
1741581899487 19.330549240112305 99
