1741580169016 397534134272.0 0
1741580169370 559307489280.0 1
1741580169718 498981666816.0 2
1741580170049 868708319232.0 3
1741580170366 641070727168.0 4
1741580170719 567788371968.0 5
1741580171062 550191824896.0 6
1741580171391 520465776640.0 7
1741580171713 505521209344.0 8
1741580172053 621860093952.0 9
1741580172386 512793968640.0 10
1741580172719 577180205056.0 11
1741580173069 718107181056.0 12
1741580173399 619734302720.0 13
1741580173753 559946268672.0 14
1741580174086 714345807872.0 15
1741580174419 566813720576.0 16
1741580174763 540447932416.0 17
1741580175112 584258551808.0 18
1741580175445 700606185472.0 19
1741580175778 599221927936.0 20
1741580176101 578693890048.0 21
1741580176430 618160128000.0 22
1741580176770 728638488576.0 23
1741580177103 537192398848.0 24
1741580177465 546589147136.0 25
1741580177811 471871160320.0 26
1741580178146 704430014464.0 27
1741580178485 685718503424.0 28
1741580178820 674350366720.0 29
1741580179147 649150267392.0 30
1741580179469 546578661376.0 31
1741580179798 631208935424.0 32
1741580180129 499040780288.0 33
1741580180463 693150744576.0 34
1741580180798 707360391168.0 35
1741580181129 547127721984.0 36
1741580181463 520198553600.0 37
1741580181815 638234263552.0 38
1741580182154 570428620800.0 39
1741580182491 551385497600.0 40
1741580182830 612613619712.0 41
1741580183177 696625135616.0 42
1741580183515 639323537408.0 43
1741580183853 663760207872.0 44
1741580184196 546108145664.0 45
1741580184556 752407740416.0 46
1741580184913 587017355264.0 47
1741580185295 568997969920.0 48
1741580185663 570923941888.0 49
1741580186046 632640372736.0 50
1741580186422 584319762432.0 51
1741580186780 732800221184.0 52
1741580187146 622278606848.0 53
1741580187496 612769660928.0 54
1741580187863 553392472064.0 55
1741580188217 566055600128.0 56
1741580188566 589896744960.0 57
1741580188963 580866605056.0 58
1741580189346 565190328320.0 59
1741580189725 535577067520.0 60
1741580190096 541486252032.0 61
1741580190473 526256570368.0 62
1741580190829 605002596352.0 63
1741580191198 579723919360.0 64
1741580191546 704599359488.0 65
1741580191896 797749739520.0 66
1741580192246 715550162944.0 67
1741580192624 714323394560.0 68
1741580192996 750562443264.0 69
1741580193381 895802081280.0 70
1741580193746 546255142912.0 71
1741580194165 603989540864.0 72
1741580194531 500677640192.0 73
1741580194880 896803536896.0 74
1741580195247 833791721472.0 75
1741580195596 618163077120.0 76
1741580195998 730358677504.0 77
1741580196363 590774140928.0 78
1741580196744 623313551360.0 79
1741580197141 956354789376.0 80
1741580197515 559728230400.0 81
1741580197882 577934131200.0 82
1741580198245 664805179392.0 83
1741580198598 641368522752.0 84
1741580198984 603184758784.0 85
1741580199366 738398371840.0 86
1741580199730 681198288896.0 87
1741580200088 504939315200.0 88
1741580200533 813837910016.0 89
1741580200917 585738747904.0 90
1741580201314 754178785280.0 91
1741580201687 640489684992.0 92
1741580202045 631923146752.0 93
1741580202412 700435922944.0 94
1741580202763 509271670784.0 95
1741580203127 540438200320.0 96
1741580203497 617013182464.0 97
1741580203864 512564494336.0 98
1741580204262 559384625152.0 99
