1741582075817 0.38817834854125977 0
1741582076177 0.3049953579902649 1
1741582076531 0.302744060754776 2
1741582076889 0.2446894496679306 3
1741582077243 0.284974604845047 4
1741582077593 0.208562433719635 5
1741582077963 0.2607063055038452 6
1741582078328 0.18371796607971191 7
1741582078676 0.18576855957508087 8
1741582079048 0.153736412525177 9
1741582079409 0.17979758977890015 10
1741582079762 0.1413859874010086 11
1741582080124 0.20433591306209564 12
1741582080478 0.13453400135040283 13
1741582080841 0.22869053483009338 14
1741582081215 0.12426918745040894 15
1741582081578 0.18154612183570862 16
1741582081928 0.12622930109500885 17
