1741578335083 18550.7734375 0
1741578335567 3956.740478515625 1
1741578336016 2845.776611328125 2
1741578336457 1985.00830078125 3
1741578336997 1342.2520751953125 4
1741578337520 1528.3072509765625 5
1741578338037 2587.81689453125 6
1741578338556 1850.4227294921875 7
1741578339080 739.5511474609375 8
1741578339602 1186.1597900390625 9
1741578340133 1213.2208251953125 10
1741578340652 728.389404296875 11
1741578341163 823.4840087890625 12
1741578341679 799.868896484375 13
1741578342200 888.1888427734375 14
1741578342717 584.5377197265625 15
1741578343249 1264.407958984375 16
1741578343785 526.1473999023438 17
1741578344299 582.9888916015625 18
1741578344829 779.766845703125 19
1741578345369 387.2955322265625 20
1741578345884 440.9609680175781 21
1741578346417 516.169921875 22
1741578346932 663.2008666992188 23
1741578347459 788.430419921875 24
1741578347988 392.03985595703125 25
1741578348522 417.72015380859375 26
1741578349036 523.822998046875 27
1741578349551 823.9564208984375 28
1741578350072 511.3293762207031 29
