1741578335083 0.7246195673942566 0
1741578335567 0.7266466021537781 1
1741578336016 0.7257075905799866 2
1741578336457 0.7270804047584534 3
1741578336997 0.726509690284729 4
1741578337520 0.7264663577079773 5
1741578338037 0.7270452976226807 6
1741578338556 0.7264691591262817 7
1741578339080 0.7267811894416809 8
1741578339602 0.7268548011779785 9
1741578340133 0.7269724011421204 10
1741578340652 0.7267950177192688 11
1741578341163 0.72700434923172 12
1741578341679 0.727115273475647 13
1741578342200 0.7268730998039246 14
1741578342717 0.7268650531768799 15
1741578343249 0.7265428900718689 16
1741578343785 0.7268890142440796 17
1741578344299 0.726861834526062 18
1741578344829 0.7268073558807373 19
1741578345369 0.7268971800804138 20
1741578345884 0.7269624471664429 21
1741578346417 0.7269974946975708 22
1741578346932 0.7268767356872559 23
1741578347459 0.7269341349601746 24
1741578347988 0.7269626259803772 25
1741578348522 0.726985514163971 26
1741578349036 0.7270761132240295 27
1741578349551 0.7268358469009399 28
1741578350072 0.7270101308822632 29
