1741579531570 0.6729381084442139 0
1741579532888 0.3071196973323822 1
1741579533421 0.19096215069293976 2
1741579533954 0.1506119668483734 3
1741579534526 0.12487521022558212 4
1741579535062 0.10773320496082306 5
1741579535588 0.09421303123235703 6
1741579536109 0.08392263203859329 7
1741579536621 0.0765753909945488 8
1741579537159 0.06947013735771179 9
1741579537693 0.06265129894018173 10
1741579538228 0.057199638336896896 11
1741579538778 0.05327823758125305 12
1741579539327 0.0497250072658062 13
1741579539856 0.04682740941643715 14
1741579540376 0.04577413201332092 15
1741579540923 0.04199136048555374 16
1741579541444 0.03989112377166748 17
1741579541953 0.039105601608753204 18
1741579542492 0.03824910521507263 19
1741579543035 0.036594636738300323 20
1741579543575 0.03453528508543968 21
1741579544105 0.03346296772360802 22
1741579544643 0.033684976398944855 23
1741579545187 0.03248286992311478 24
1741579545721 0.031882766634225845 25
1741579546250 0.030767831951379776 26
1741579546789 0.030471453443169594 27
1741579547323 0.03088957816362381 28
1741579547852 0.03008500672876835 29
