1741579531570 0.5597904324531555 0
1741579532888 0.35086506605148315 1
1741579533421 0.25287342071533203 2
1741579533954 0.21789611876010895 3
1741579534526 0.18998302519321442 4
1741579535062 0.17222192883491516 5
1741579535588 0.15922044217586517 6
1741579536109 0.14962127804756165 7
1741579536621 0.14240486919879913 8
1741579537159 0.13674744963645935 9
1741579537693 0.1295384019613266 10
1741579538228 0.12292134016752243 11
1741579538778 0.11837491393089294 12
1741579539327 0.11563456803560257 13
1741579539856 0.11321023851633072 14
1741579540376 0.11453602463006973 15
1741579540923 0.10927867144346237 16
1741579541444 0.10507281869649887 17
1741579541953 0.10256972908973694 18
1741579542492 0.10045089572668076 19
1741579543035 0.0997542068362236 20
1741579543575 0.0946415439248085 21
1741579544105 0.09314971417188644 22
1741579544643 0.09465155005455017 23
1741579545187 0.09350030869245529 24
1741579545721 0.09010027348995209 25
1741579546250 0.08782675862312317 26
1741579546789 0.08681083470582962 27
1741579547323 0.08986885845661163 28
1741579547852 0.08707426488399506 29
