1741579531570 6674978.0 0
1741579532888 10263286.0 1
1741579533421 11388809.0 2
1741579533954 11984007.0 3
1741579534526 12198480.0 4
1741579535062 12354398.0 5
1741579535588 12501237.0 6
1741579536109 12489615.0 7
1741579536621 12624041.0 8
1741579537159 12635858.0 9
1741579537693 12661476.0 10
1741579538228 12560082.0 11
1741579538778 12612059.0 12
1741579539327 12571880.0 13
1741579539856 12562623.0 14
1741579540376 12697383.0 15
1741579540923 12621401.0 16
1741579541444 12506290.0 17
1741579541953 12690994.0 18
1741579542492 12936213.0 19
1741579543035 12578115.0 20
1741579543575 12752983.0 21
1741579544105 12641873.0 22
1741579544643 12697724.0 23
1741579545187 12592148.0 24
1741579545721 12678255.0 25
1741579546250 12517256.0 26
1741579546789 12526644.0 27
1741579547323 12418164.0 28
1741579547852 12454001.0 29
