1741580564075 1.0311357975006104 0
1741580564577 1.0296692848205566 1
1741580565125 1.0333709716796875 2
1741580565625 1.0312089920043945 3
1741580566124 1.0310759544372559 4
1741580566605 1.0317652225494385 5
1741580567103 1.03107750415802 6
1741580567592 1.0306024551391602 7
1741580568080 1.0318043231964111 8
1741580568575 1.0304893255233765 9
1741580569102 1.0311238765716553 10
1741580569606 1.0311927795410156 11
1741580570108 1.0311886072158813 12
1741580570629 1.0302170515060425 13
1741580571127 1.0311861038208008 14
1741580571623 1.0310291051864624 15
1741580572123 1.0310202836990356 16
1741580572623 1.0309967994689941 17
1741580573109 1.031103491783142 18
1741580573609 1.0308948755264282 19
1741580574108 1.0310721397399902 20
1741580574609 1.0311907529830933 21
1741580575110 1.0310678482055664 22
1741580575608 1.0312623977661133 23
1741580576106 1.0308692455291748 24
1741580576612 1.0313193798065186 25
1741580577125 1.0309139490127563 26
1741580577610 1.0312241315841675 27
1741580578108 1.0308940410614014 28
1741580578626 1.0313271284103394 29
1741580579125 1.031139612197876 30
1741580579626 1.0313259363174438 31
1741580580147 1.0312275886535645 32
1741580580658 1.0308674573898315 33
1741580581159 1.0309869050979614 34
1741580581659 1.0309574604034424 35
1741580582160 1.0314600467681885 36
1741580582656 1.0309860706329346 37
1741580583157 1.0311909914016724 38
1741580583671 1.0310757160186768 39
1741580584217 1.03123140335083 40
1741580584794 1.0311510562896729 41
1741580585349 1.0313838720321655 42
1741580585896 1.0312577486038208 43
1741580586432 1.0311914682388306 44
1741580586969 1.0310676097869873 45
1741580587524 1.031297206878662 46
1741580588058 1.0310407876968384 47
1741580588605 1.0310193300247192 48
1741580589145 1.0311758518218994 49
1741580589675 1.031235694885254 50
1741580590207 1.0311986207962036 51
1741580590725 1.031225562095642 52
1741580591257 1.0313856601715088 53
1741580591799 1.031322717666626 54
1741580592323 1.0311410427093506 55
1741580592857 1.0312153100967407 56
1741580593373 1.0313382148742676 57
1741580593923 1.0312526226043701 58
1741580594477 1.0310171842575073 59
1741580595045 1.0313302278518677 60
1741580595590 1.0311269760131836 61
1741580596136 1.0312187671661377 62
1741580596670 1.0312957763671875 63
1741580597204 1.0312608480453491 64
1741580597755 1.0310328006744385 65
1741580598311 1.0312235355377197 66
1741580598841 1.031248927116394 67
1741580599377 1.0311921834945679 68
1741580599917 1.0314115285873413 69
1741580600473 1.0314030647277832 70
1741580601072 1.0311663150787354 71
1741580601605 1.0312538146972656 72
1741580602138 1.0312775373458862 73
1741580602680 1.0313080549240112 74
1741580603209 1.0312420129776 75
1741580603760 1.0311857461929321 76
1741580604319 1.0312352180480957 77
1741580604860 1.0313684940338135 78
1741580605395 1.0311719179153442 79
1741580605930 1.0313082933425903 80
1741580606469 1.031244158744812 81
1741580607005 1.0311729907989502 82
1741580607574 1.0313023328781128 83
1741580608128 1.0312339067459106 84
1741580608658 1.0312507152557373 85
1741580609208 1.0312299728393555 86
1741580609756 1.031272053718567 87
1741580610282 1.031213641166687 88
1741580610826 1.0311980247497559 89
1741580611358 1.0311168432235718 90
1741580611923 1.0311139822006226 91
1741580612479 1.0313056707382202 92
1741580613018 1.031198501586914 93
1741580613554 1.031233787536621 94
1741580614089 1.031272292137146 95
1741580614622 1.0312409400939941 96
1741580615153 1.0311866998672485 97
1741580615704 1.0313427448272705 98
1741580616272 1.031187891960144 99
