1741589873822 91.63410186767578 0
1741589874513 68.68790435791016 1
1741589875170 55.226768493652344 2
1741589875813 49.138973236083984 3
1741589876455 45.87357711791992 4
1741589877095 43.757972717285156 5
1741589877738 41.506141662597656 6
1741589878381 40.0676155090332 7
1741589879032 38.851158142089844 8
1741589879727 37.70853805541992 9
1741589880370 36.47472381591797 10
1741589881037 35.62327194213867 11
1741589881685 34.348838806152344 12
1741589882376 34.27662658691406 13
1741589883074 33.13493728637695 14
1741589883757 32.281585693359375 15
1741589884463 32.398460388183594 16
1741589885125 31.6488094329834 17
1741589885787 31.164243698120117 18
1741589886457 30.157773971557617 19
1741589887156 29.735595703125 20
1741589887839 29.625038146972656 21
1741589888507 29.45136070251465 22
1741589889170 29.018310546875 23
1741589889825 28.782764434814453 24
1741589890481 28.253080368041992 25
1741589891156 28.13777732849121 26
1741589891827 27.972761154174805 27
1741589892488 27.81785774230957 28
1741589893167 27.806934356689453 29
1741589893825 27.4381160736084 30
1741589894497 27.273061752319336 31
1741589895185 27.37281608581543 32
1741589895856 26.90550422668457 33
1741589896546 27.296926498413086 34
1741589897219 27.135955810546875 35
1741589897887 26.80303192138672 36
1741589898531 26.274948120117188 37
1741589899223 26.15570068359375 38
1741589899963 25.866901397705078 39
1741589900633 25.98017120361328 40
1741589901294 25.678951263427734 41
1741589901954 25.60570526123047 42
1741589902606 25.391605377197266 43
1741589903290 25.32253646850586 44
1741589903968 25.497974395751953 45
1741589904653 25.31568717956543 46
1741589905334 25.096826553344727 47
1741589905988 25.006053924560547 48
1741589906658 24.90032958984375 49
1741589907356 25.326622009277344 50
1741589908000 25.057870864868164 51
1741589908655 24.883142471313477 52
1741589909342 24.7391414642334 53
1741589910016 24.616010665893555 54
1741589910678 24.357295989990234 55
1741589911340 24.372594833374023 56
1741589911993 24.360769271850586 57
1741589912656 24.303380966186523 58
1741589913347 24.445356369018555 59
1741589914026 24.67607307434082 60
1741589914695 24.17667579650879 61
1741589915367 23.931787490844727 62
1741589916092 23.95182228088379 63
1741589916775 23.638378143310547 64
1741589917489 23.90911865234375 65
1741589918185 24.060884475708008 66
1741589918881 24.224910736083984 67
1741589919593 24.708175659179688 68
1741589920320 23.75201416015625 69
1741589920905 23.4342041015625 70
1741589921444 23.159332275390625 71
1741589921983 23.24020767211914 72
1741589922543 23.563631057739258 73
1741589923106 23.17629051208496 74
1741589923655 23.06761360168457 75
1741589924238 23.36529541015625 76
1741589924789 23.355253219604492 77
1741589925341 23.354623794555664 78
1741589925906 23.035720825195312 79
1741589926473 22.978363037109375 80
1741589927021 22.930469512939453 81
1741589927570 22.914342880249023 82
1741589928119 22.940065383911133 83
1741589928670 23.304576873779297 84
1741589929254 22.89226722717285 85
1741589929854 23.30882453918457 86
1741589930439 22.761659622192383 87
1741589930987 22.674964904785156 88
1741589931537 22.61748504638672 89
1741589932087 22.429641723632812 90
1741589932683 22.509769439697266 91
1741589933223 22.533348083496094 92
1741589933805 22.554523468017578 93
1741589934389 22.95676040649414 94
1741589934955 22.726654052734375 95
1741589935503 22.491594314575195 96
1741589936054 22.372364044189453 97
1741589936624 22.194332122802734 98
1741589937174 22.075546264648438 99
