1741589873822 0.9464735984802246 0
1741589874513 0.8199041485786438 1
1741589875170 0.7389644384384155 2
1741589875813 0.7008280754089355 3
1741589876455 0.678859531879425 4
1741589877095 0.665456235408783 5
1741589877738 0.6524556279182434 6
1741589878381 0.6441459059715271 7
1741589879032 0.6165982484817505 8
1741589879727 0.5894054770469666 9
1741589880370 0.5639500021934509 10
1741589881037 0.5391342639923096 11
1741589881685 0.5154058933258057 12
1741589882376 0.5190213918685913 13
1741589883074 0.47895464301109314 14
1741589883757 0.4602418839931488 15
1741589884463 0.4434936046600342 16
1741589885125 0.4317464828491211 17
1741589885787 0.41967153549194336 18
1741589886457 0.409991592168808 19
1741589887156 0.4031643569469452 20
1741589887839 0.3963831961154938 21
1741589888507 0.39218446612358093 22
1741589889170 0.3869825601577759 23
1741589889825 0.3840438425540924 24
1741589890481 0.3793735206127167 25
1741589891156 0.3761281967163086 26
1741589891827 0.3735607862472534 27
1741589892488 0.37057361006736755 28
1741589893167 0.3679249882698059 29
1741589893825 0.36539390683174133 30
1741589894497 0.3633573651313782 31
1741589895185 0.3616282343864441 32
1741589895856 0.35974401235580444 33
1741589896546 0.3585045337677002 34
1741589897219 0.35665541887283325 35
1741589897887 0.3555509150028229 36
1741589898531 0.354063481092453 37
1741589899223 0.3527989685535431 38
1741589899963 0.35184937715530396 39
1741589900633 0.3503511846065521 40
1741589901294 0.3492697477340698 41
1741589901954 0.348313570022583 42
1741589902606 0.3472217321395874 43
1741589903290 0.34629562497138977 44
1741589903968 0.3455706536769867 45
1741589904653 0.34456783533096313 46
1741589905334 0.3438643217086792 47
1741589905988 0.3429819941520691 48
1741589906658 0.3420928120613098 49
1741589907356 0.34172946214675903 50
1741589908000 0.3408367931842804 51
1741589908655 0.34000900387763977 52
1741589909342 0.3391669988632202 53
1741589910016 0.33846017718315125 54
1741589910678 0.33786243200302124 55
1741589911340 0.33721041679382324 56
1741589911993 0.33655551075935364 57
1741589912656 0.3360336422920227 58
1741589913347 0.33540549874305725 59
1741589914026 0.3353921175003052 60
1741589914695 0.33466342091560364 61
1741589915367 0.33398184180259705 62
1741589916092 0.33337506651878357 63
1741589916775 0.33272039890289307 64
1741589917489 0.3324940800666809 65
1741589918185 0.3323882222175598 66
1741589918881 0.33197906613349915 67
1741589919593 0.33093512058258057 68
1741589920320 0.3305962383747101 69
1741589920905 0.33004191517829895 70
1741589921444 0.32962024211883545 71
1741589921983 0.3291715681552887 72
1741589922543 0.3288756310939789 73
1741589923106 0.3285338282585144 74
1741589923655 0.3280384838581085 75
1741589924238 0.32786300778388977 76
1741589924789 0.3273497223854065 77
1741589925341 0.3271205723285675 78
1741589925906 0.3268356919288635 79
1741589926473 0.32677561044692993 80
1741589927021 0.32610562443733215 81
1741589927570 0.3258081376552582 82
1741589928119 0.3255026340484619 83
1741589928670 0.3255258798599243 84
1741589929254 0.3247763514518738 85
1741589929854 0.32561641931533813 86
1741589930439 0.32463088631629944 87
1741589930987 0.32430124282836914 88
1741589931537 0.32392847537994385 89
1741589932087 0.3234767019748688 90
1741589932683 0.3233409523963928 91
1741589933223 0.3233546316623688 92
1741589933805 0.32282108068466187 93
1741589934389 0.3227701783180237 94
1741589934955 0.3223452866077423 95
1741589935503 0.3221568763256073 96
1741589936054 0.32195574045181274 97
1741589936624 0.32168981432914734 98
1741589937174 0.3217684328556061 99
