1741581221522 1186103.625 0
1741581222052 537031.375 1
1741581222600 221356.703125 2
1741581223117 310746.65625 3
1741581223655 596284.5 4
1741581224156 1696871.75 5
1741581224671 994321.4375 6
1741581225189 906063.5625 7
1741581225728 649283.0 8
1741581226237 1029752.8125 9
1741581226769 569511.1875 10
1741581227287 452060.3125 11
1741581227800 462844.84375 12
1741581228316 381692.71875 13
1741581228828 218221.90625 14
1741581229344 99063.2890625 15
1741581229848 200805.78125 16
1741581230363 87312.9296875 17
1741581230903 66352.1953125 18
1741581231473 82189.2890625 19
1741581232058 189234.515625 20
1741581232563 44073.73828125 21
1741581233068 89467.0625 22
1741581233588 72539.9296875 23
1741581234123 70115.1953125 24
1741581234621 95908.2109375 25
1741581235126 63946.09765625 26
1741581235669 39176.984375 27
1741581236173 65609.2578125 28
1741581236671 29908.720703125 29
1741581237186 69618.9140625 30
1741581237743 63460.234375 31
1741581238273 90615.828125 32
1741581238770 43305.16796875 33
1741581239286 223626.296875 34
1741581239786 100015.921875 35
1741581240305 30704.228515625 36
1741581240821 75239.3203125 37
1741581241338 61705.25390625 38
1741581241840 66190.9375 39
1741581242357 52888.53515625 40
1741581242860 58972.87890625 41
1741581243370 67180.6484375 42
1741581243886 63081.359375 43
1741581244388 27070.65234375 44
1741581244888 51347.890625 45
1741581245406 47701.59765625 46
1741581245986 60162.4140625 47
1741581246540 56018.8671875 48
1741581247118 50019.6171875 49
1741581247670 67480.5859375 50
1741581248206 94350.703125 51
1741581248755 57455.43359375 52
1741581249302 74244.921875 53
1741581249852 40048.4140625 54
1741581250410 121915.0859375 55
1741581250959 29671.33203125 56
1741581251506 26584.123046875 57
1741581252051 52849.4765625 58
1741581252586 23667.484375 59
1741581253156 43323.04296875 60
1741581253709 37593.27734375 61
1741581254252 28564.466796875 62
1741581254804 27299.05859375 63
1741581255335 42778.97265625 64
1741581255899 18754.28515625 65
1741581256454 42478.3125 66
1741581257018 17524.833984375 67
1741581257556 40505.1953125 68
1741581258104 50425.34765625 69
1741581258670 61611.47265625 70
1741581259218 55125.00390625 71
1741581259767 63310.2578125 72
1741581260320 65677.03125 73
1741581260870 50048.8984375 74
1741581261408 9509.42578125 75
1741581261989 46078.21875 76
1741581262569 32241.533203125 77
1741581263137 17191.83203125 78
1741581263720 45815.68359375 79
1741581264270 73798.6015625 80
1741581264820 143952.390625 81
1741581265373 145189.5 82
1741581265921 62300.6875 83
1741581266470 134749.484375 84
1741581267020 64109.11328125 85
1741581267588 57292.296875 86
1741581268137 30219.0859375 87
1741581268685 26658.55078125 88
1741581269236 31350.951171875 89
1741581269803 25545.154296875 90
1741581270343 22568.9765625 91
1741581270885 38977.0703125 92
1741581271436 25685.87890625 93
1741581271995 44687.2578125 94
1741581272569 66314.484375 95
1741581273154 32673.20703125 96
1741581273735 60132.19140625 97
1741581274269 40349.28125 98
1741581274821 30479.787109375 99
