1741576771818 0.7179791331291199 0
1741576772165 0.726394772529602 1
1741576772499 0.7228630781173706 2
1741576772850 0.7248457670211792 3
1741576773184 0.7245254516601562 4
1741576773518 0.7264710068702698 5
1741576773854 0.7255950570106506 6
1741576774181 0.7257379293441772 7
1741576774515 0.7254807949066162 8
1741576774862 0.7252104878425598 9
1741576775194 0.7255765795707703 10
1741576775530 0.7258276343345642 11
1741576775865 0.7251400351524353 12
1741576776198 0.7246898412704468 13
1741576776534 0.7256614565849304 14
1741576776869 0.7257210612297058 15
1741576777199 0.7256332635879517 16
1741576777529 0.7254571318626404 17
1741576777866 0.7256660461425781 18
1741576778198 0.7256431579589844 19
1741576778541 0.7257296442985535 20
1741576778871 0.7263784408569336 21
1741576779200 0.7256523966789246 22
1741576779530 0.7258007526397705 23
1741576779865 0.7263739109039307 24
1741576780191 0.7261270880699158 25
1741576780525 0.7250818610191345 26
1741576780861 0.7274200320243835 27
1741576781198 0.726633608341217 28
1741576781533 0.7252901792526245 29
1741576781864 0.7256981730461121 30
1741576782197 0.7254009246826172 31
1741576782531 0.7257503271102905 32
1741576782864 0.7257963418960571 33
1741576783233 0.7255434989929199 34
1741576783581 0.7257866263389587 35
1741576783949 0.7255778908729553 36
1741576784329 0.7255921363830566 37
1741576784701 0.725904643535614 38
1741576785096 0.7258841395378113 39
