1741576771818 0.9804290533065796 0
1741576772165 0.9968687891960144 1
1741576772499 0.9897761344909668 2
1741576772850 0.9936975836753845 3
1741576773184 0.9946860074996948 4
1741576773518 0.9969578385353088 5
1741576773854 0.9969010353088379 6
1741576774181 0.9960144758224487 7
1741576774515 0.9945958256721497 8
1741576774862 0.9966524839401245 9
1741576775194 0.997061550617218 10
1741576775530 0.9972262978553772 11
1741576775865 0.9948265552520752 12
1741576776198 0.9947594404220581 13
1741576776534 0.9965690970420837 14
1741576776869 0.996891975402832 15
1741576777199 0.9960328936576843 16
1741576777529 0.9962198734283447 17
1741576777866 0.9965735077857971 18
1741576778198 0.9956632852554321 19
1741576778541 0.996331512928009 20
1741576778871 0.9979070425033569 21
1741576779200 0.9964989423751831 22
1741576779530 0.9962148070335388 23
1741576779865 0.9990392923355103 24
1741576780191 0.9973039627075195 25
1741576780525 0.9954366087913513 26
1741576780861 0.9983953237533569 27
1741576781198 0.9972161650657654 28
1741576781533 0.9956772923469543 29
1741576781864 0.996386706829071 30
1741576782197 0.9965043067932129 31
1741576782531 0.9957980513572693 32
1741576782864 0.9969701170921326 33
1741576783233 0.9947023391723633 34
1741576783581 0.9957273602485657 35
1741576783949 0.9950870275497437 36
1741576784329 0.9947391748428345 37
1741576784701 0.9957159161567688 38
1741576785096 0.9958174824714661 39
