1741581934469 99.1468276977539 0
1741581934816 68.34210205078125 1
1741581935183 78.49972534179688 2
1741581935535 49.68975830078125 3
1741581935899 66.99784851074219 4
1741581936262 45.24754333496094 5
1741581936617 51.695804595947266 6
1741581936985 42.78413391113281 7
1741581937349 47.423484802246094 8
1741581937706 45.33060836791992 9
1741581938073 49.019142150878906 10
1741581938432 39.99809265136719 11
1741581938784 44.43199157714844 12
1741581939139 38.38567352294922 13
1741581939506 46.27406692504883 14
1741581939901 37.30999755859375 15
1741581940256 41.357513427734375 16
1741581940621 45.13322830200195 17
1741581940970 40.19010543823242 18
1741581941339 38.83061218261719 19
1741581941705 40.2653694152832 20
1741581942056 40.211143493652344 21
1741581942419 39.71842956542969 22
1741581942777 38.21750259399414 23
1741581943135 33.336334228515625 24
1741581943480 32.704166412353516 25
1741581943845 36.86837387084961 26
1741581944200 35.69062042236328 27
1741581944568 36.97903060913086 28
1741581944933 37.03732681274414 29
1741581945301 31.069215774536133 30
1741581945665 32.36798858642578 31
1741581946036 31.389751434326172 32
1741581946400 35.0362434387207 33
1741581946762 31.016427993774414 34
1741581947115 32.69782257080078 35
1741581947466 31.739566802978516 36
1741581947844 30.317663192749023 37
1741581948222 29.36954689025879 38
1741581948602 33.80513381958008 39
1741581948963 28.152772903442383 40
1741581949316 30.354122161865234 41
1741581949683 29.8741397857666 42
1741581950048 32.269168853759766 43
1741581950418 29.41153907775879 44
1741581950805 33.636627197265625 45
1741581951197 28.086132049560547 46
1741581951576 30.0905704498291 47
1741581951967 26.443510055541992 48
1741581952369 33.7772216796875 49
1741581952764 27.409303665161133 50
1741581953148 29.23838996887207 51
1741581953518 26.455772399902344 52
1741581953919 28.15956687927246 53
1741581954302 28.095651626586914 54
1741581954678 29.501222610473633 55
1741581955055 27.447099685668945 56
1741581955432 29.997690200805664 57
1741581955816 29.31886100769043 58
1741581956197 29.239778518676758 59
1741581956582 25.791683197021484 60
1741581956964 27.01654052734375 61
1741581957357 29.456829071044922 62
1741581957733 27.470579147338867 63
1741581958100 28.620018005371094 64
1741581958482 28.350582122802734 65
1741581958866 27.05944061279297 66
1741581959265 24.960941314697266 67
1741581959643 27.3037052154541 68
1741581960028 25.59039306640625 69
1741581960422 28.715120315551758 70
1741581960818 24.178773880004883 71
1741581961211 28.392139434814453 72
1741581961604 28.426986694335938 73
1741581961988 25.845535278320312 74
1741581962385 25.450607299804688 75
1741581962780 27.19295310974121 76
1741581963236 28.511905670166016 77
1741581963650 27.207073211669922 78
1741581964034 24.297748565673828 79
1741581964428 27.280475616455078 80
1741581964817 28.192407608032227 81
1741581965200 24.721744537353516 82
1741581965567 23.053483963012695 83
1741581965963 24.92865562438965 84
1741581966348 23.587665557861328 85
1741581966732 24.755027770996094 86
1741581967131 24.73119354248047 87
1741581967520 25.292972564697266 88
1741581967931 23.15065574645996 89
1741581968335 24.88043212890625 90
1741581968732 22.016143798828125 91
1741581969163 22.005910873413086 92
1741581969571 26.83791160583496 93
1741581969968 21.77418327331543 94
1741581970348 25.03583526611328 95
1741581970715 21.57876968383789 96
1741581971099 28.79644012451172 97
1741581971484 22.585487365722656 98
1741581971849 26.38865089416504 99
