1741581934469 0.8731962442398071 0
1741581934816 0.6069257259368896 1
1741581935183 0.5878471732139587 2
1741581935535 0.5479295253753662 3
1741581935899 0.5212177634239197 4
1741581936262 0.5107653737068176 5
1741581936617 0.43187016248703003 6
1741581936985 0.4251502752304077 7
1741581937349 0.3410659432411194 8
1741581937706 0.47523418068885803 9
1741581938073 0.3503279685974121 10
1741581938432 0.30681273341178894 11
1741581938784 0.2694711983203888 12
1741581939139 0.2345002442598343 13
1741581939506 0.19941791892051697 14
1741581939901 0.20340076088905334 15
1741581940256 0.1758105754852295 16
1741581940621 0.3586803376674652 17
1741581940970 0.18510442972183228 18
1741581941339 0.22203856706619263 19
1741581941705 0.15901750326156616 20
1741581942056 0.22289477288722992 21
1741581942419 0.14678217470645905 22
1741581942777 0.14086273312568665 23
1741581943135 0.1186993271112442 24
1741581943480 0.11693698912858963 25
1741581943845 0.11055256426334381 26
1741581944200 0.1389136165380478 27
1741581944568 0.11586581915616989 28
1741581944933 0.12174013257026672 29
1741581945301 0.10358969867229462 30
1741581945665 0.11984014511108398 31
1741581946036 0.10154703259468079 32
1741581946400 0.10877378284931183 33
1741581946762 0.09595900028944016 34
1741581947115 0.09657827764749527 35
1741581947466 0.08970732986927032 36
1741581947844 0.09384328126907349 37
1741581948222 0.08770604431629181 38
1741581948602 0.09325733780860901 39
1741581948963 0.08351826667785645 40
1741581949316 0.092557892203331 41
1741581949683 0.0857110321521759 42
1741581950048 0.10382630676031113 43
1741581950418 0.08506407588720322 44
1741581950805 0.1006275936961174 45
1741581951197 0.08617410808801651 46
1741581951576 0.10978827625513077 47
1741581951967 0.0843578428030014 48
1741581952369 0.0983286201953888 49
1741581952764 0.07991233468055725 50
1741581953148 0.08057717978954315 51
1741581953518 0.07239999622106552 52
1741581953919 0.0758538693189621 53
1741581954302 0.07307185977697372 54
1741581954678 0.08191803842782974 55
1741581955055 0.07328378409147263 56
1741581955432 0.0900508388876915 57
1741581955816 0.07378900051116943 58
1741581956197 0.08935170620679855 59
1741581956582 0.07140523195266724 60
1741581956964 0.07830991595983505 61
1741581957357 0.06904759258031845 62
1741581957733 0.07285743951797485 63
1741581958100 0.06576813012361526 64
1741581958482 0.06774025410413742 65
1741581958866 0.062258023768663406 66
1741581959265 0.06518163532018661 67
1741581959643 0.062054626643657684 68
1741581960028 0.06906303763389587 69
1741581960422 0.06286105513572693 70
1741581960818 0.07098282128572464 71
1741581961211 0.06168053671717644 72
1741581961604 0.07666929066181183 73
1741581961988 0.06121189892292023 74
1741581962385 0.07930997759103775 75
1741581962780 0.06134302541613579 76
1741581963236 0.09297376871109009 77
1741581963650 0.0646052286028862 78
1741581964034 0.07172901928424835 79
1741581964428 0.06031008064746857 80
1741581964817 0.06596915423870087 81
1741581965200 0.0579034760594368 82
1741581965567 0.06119133159518242 83
1741581965963 0.05630264803767204 84
1741581966348 0.06458544731140137 85
1741581966732 0.05614309012889862 86
1741581967131 0.06815993785858154 87
1741581967520 0.0600094236433506 88
1741581967931 0.06852699816226959 89
1741581968335 0.05433684587478638 90
1741581968732 0.05999027565121651 91
1741581969163 0.05370404198765755 92
1741581969571 0.059640396386384964 93
1741581969968 0.05412520095705986 94
1741581970348 0.06017054617404938 95
1741581970715 0.05223468318581581 96
1741581971099 0.06597870588302612 97
1741581971484 0.051877688616514206 98
1741581971849 0.06481129676103592 99
