1741582409958 81.774658203125 0
1741582410384 72.8740234375 1
1741582410807 67.68389892578125 2
1741582411256 64.30400085449219 3
1741582411699 61.65199661254883 4
1741582412124 60.34892272949219 5
1741582412543 58.800228118896484 6
1741582412974 58.298057556152344 7
1741582413407 57.25680160522461 8
1741582413836 56.65771484375 9
1741582414259 56.08087158203125 10
1741582414698 55.51737976074219 11
1741582415130 54.84959030151367 12
1741582415560 54.502227783203125 13
1741582415975 53.9066162109375 14
1741582416408 53.50709915161133 15
1741582416824 53.01751708984375 16
1741582417265 52.57858657836914 17
1741582417694 52.24250030517578 18
1741582418110 51.792415618896484 19
1741582418531 51.552955627441406 20
1741582418956 51.22172546386719 21
1741582419376 50.925350189208984 22
1741582419791 50.757747650146484 23
1741582420208 50.466766357421875 24
1741582420627 50.27731704711914 25
1741582421061 49.97410583496094 26
1741582421478 49.81464385986328 27
1741582421897 49.58297348022461 28
1741582422313 49.37159729003906 29
1741582422725 48.81113052368164 30
1741582423153 48.53384780883789 31
1741582423574 47.93305206298828 32
1741582423993 47.84025955200195 33
1741582424441 47.375694274902344 34
1741582424873 47.88246154785156 35
1741582425294 48.552040100097656 36
1741582425722 48.0075798034668 37
1741582426155 48.21412658691406 38
