1741582409958 0.8273795247077942 0
1741582410384 0.7648648619651794 1
1741582410807 0.7344844341278076 2
1741582411256 0.7176605463027954 3
1741582411699 0.7053432464599609 4
1741582412124 0.6959335803985596 5
1741582412543 0.6864950656890869 6
1741582412974 0.6790476441383362 7
1741582413407 0.6711761355400085 8
1741582413836 0.6649988889694214 9
1741582414259 0.6577043533325195 10
1741582414698 0.6529183387756348 11
1741582415130 0.6469234228134155 12
1741582415560 0.6433789134025574 13
1741582415975 0.637995719909668 14
1741582416408 0.6353508830070496 15
1741582416824 0.6305937767028809 16
1741582417265 0.6283743381500244 17
1741582417694 0.623876690864563 18
1741582418110 0.6217469573020935 19
1741582418531 0.617619514465332 20
1741582418956 0.6155940890312195 21
1741582419376 0.6118639707565308 22
1741582419791 0.6097447872161865 23
1741582420208 0.6062234044075012 24
1741582420627 0.6041750311851501 25
1741582421061 0.600983202457428 26
1741582421478 0.599040150642395 27
1741582421897 0.5959221124649048 28
1741582422313 0.5939058065414429 29
1741582422725 0.5907564759254456 30
1741582423153 0.588574230670929 31
1741582423574 0.5857940316200256 32
1741582423993 0.5835426449775696 33
1741582424441 0.5811092257499695 34
1741582424873 0.5791506171226501 35
1741582425294 0.5774855613708496 36
1741582425722 0.575843870639801 37
1741582426155 0.5734358429908752 38
