1741579400713 0.5245302319526672 0
1741579401154 0.25800734758377075 1
1741579401571 0.1413426697254181 2
1741579401994 0.11368940025568008 3
1741579402408 0.09816701710224152 4
1741579402816 0.08743458986282349 5
1741579403232 0.07863135635852814 6
1741579403666 0.0717545747756958 7
1741579404097 0.06633862107992172 8
1741579404530 0.0626797080039978 9
1741579404949 0.05858566239476204 10
1741579405363 0.05472053587436676 11
1741579405796 0.05177304148674011 12
1741579406233 0.04880194365978241 13
1741579406663 0.04650769755244255 14
1741579407082 0.04429812356829643 15
1741579407507 0.04254000261425972 16
1741579407950 0.04034453257918358 17
1741579408386 0.03928949683904648 18
1741579408800 0.03805625066161156 19
1741579409230 0.03602367639541626 20
1741579409646 0.03573097661137581 21
1741579410063 0.03635798394680023 22
1741579410484 0.03378985822200775 23
1741579410903 0.03250371664762497 24
1741579411313 0.031377486884593964 25
1741579411748 0.030464738607406616 26
1741579412181 0.029978599399328232 27
1741579412596 0.029237227514386177 28
1741579412996 0.028656302019953728 29
