1741589982111 87.07120513916016 0
1741589982639 67.41206359863281 1
1741589983161 55.66244125366211 2
1741589983708 49.759830474853516 3
1741589984262 48.27457809448242 4
1741589984784 47.71010971069336 5
1741589985312 44.14212417602539 6
1741589985854 41.67190933227539 7
1741589986393 39.6895637512207 8
1741589986923 38.131587982177734 9
1741589987456 36.698707580566406 10
1741589987978 35.56181335449219 11
1741589988507 34.663726806640625 12
1741589989035 34.22613525390625 13
1741589989564 33.89107131958008 14
1741589990088 33.015777587890625 15
1741589990618 31.834077835083008 16
1741589991142 31.40287208557129 17
1741589991671 30.916580200195312 18
1741589992236 30.839393615722656 19
1741589992777 30.16073226928711 20
