1741589982111 0.642736554145813 0
1741589982639 0.5246183276176453 1
1741589983161 0.4585767090320587 2
1741589983708 0.42583224177360535 3
1741589984262 0.4065684676170349 4
1741589984784 0.40132901072502136 5
1741589985312 0.388509064912796 6
1741589985854 0.3770892322063446 7
1741589986393 0.36025506258010864 8
1741589986923 0.3432186245918274 9
1741589987456 0.32773351669311523 10
1741589987978 0.3169203996658325 11
1741589988507 0.3077258765697479 12
1741589989035 0.3006823658943176 13
1741589989564 0.2968331277370453 14
1741589990088 0.29020214080810547 15
1741589990618 0.28252461552619934 16
1741589991142 0.27858734130859375 17
1741589991671 0.27529922127723694 18
1741589992236 0.27266833186149597 19
1741589992777 0.2695362865924835 20
