1741589982111 0.9139235019683838 0
1741589982639 0.8180985450744629 1
1741589983161 0.7544841170310974 2
1741589983708 0.7142724394798279 3
1741589984262 0.6888105869293213 4
1741589984784 0.6831223964691162 5
1741589985312 0.6702092289924622 6
1741589985854 0.6581447124481201 7
1741589986393 0.620381772518158 8
1741589986923 0.5738017559051514 9
1741589987456 0.5338252186775208 10
1741589987978 0.5070756673812866 11
1741589988507 0.48401007056236267 12
1741589989035 0.4644290506839752 13
1741589989564 0.45223572850227356 14
1741589990088 0.4419673979282379 15
1741589990618 0.4300537109375 16
1741589991142 0.42196792364120483 17
1741589991671 0.4144163727760315 18
1741589992236 0.40817007422447205 19
1741589992777 0.4030427038669586 20
