1741576867592 0.72906893491745 0
1741576867892 0.724579930305481 1
1741576868195 0.72648024559021 2
1741576868492 0.7233424782752991 3
1741576868808 0.7238730788230896 4
1741576869092 0.7277372479438782 5
1741576869397 0.7259763479232788 6
1741576869694 0.7278999090194702 7
1741576869991 0.7256584167480469 8
1741576870274 0.7257412075996399 9
1741576870559 0.7251198887825012 10
1741576870860 0.7249336838722229 11
1741576871142 0.7257645130157471 12
1741576871426 0.7276753187179565 13
1741576871724 0.7253924012184143 14
1741576872009 0.726202666759491 15
1741576872319 0.7266923785209656 16
1741576872616 0.7255409359931946 17
1741576872912 0.7263259887695312 18
1741576873207 0.7257068157196045 19
1741576873494 0.7272014617919922 20
1741576873804 0.7258739471435547 21
1741576874094 0.7270346879959106 22
1741576874390 0.7248975038528442 23
1741576874689 0.7271396517753601 24
1741576874990 0.7248600125312805 25
1741576875293 0.7255206108093262 26
1741576875592 0.7263815402984619 27
1741576875884 0.7260240316390991 28
1741576876175 0.726020336151123 29
1741576876465 0.726176917552948 30
1741576876754 0.7261269092559814 31
1741576877047 0.7267600297927856 32
1741576877347 0.7262645363807678 33
1741576877641 0.726391077041626 34
1741576877927 0.7261840105056763 35
1741576878231 0.7261626124382019 36
1741576878524 0.725744366645813 37
1741576878807 0.7267383933067322 38
1741576879115 0.725809633731842 39
