1741576867592 0.9959326982498169 0
1741576867892 0.9937511086463928 1
1741576868195 0.9992192387580872 2
1741576868492 0.988756000995636 3
1741576868808 0.9949502348899841 4
1741576869092 1.000699758529663 5
1741576869397 0.9993466138839722 6
1741576869694 0.9985883831977844 7
1741576869991 0.9952313899993896 8
1741576870274 0.9950076937675476 9
1741576870559 0.9961711168289185 10
1741576870860 0.9939186573028564 11
1741576871142 0.996691882610321 12
1741576871426 1.0028055906295776 13
1741576871724 0.9955189824104309 14
1741576872009 0.9982600212097168 15
1741576872319 0.9982141256332397 16
1741576872616 0.9957332015037537 17
1741576872912 0.995650053024292 18
1741576873207 0.9969756603240967 19
1741576873494 0.9986193776130676 20
1741576873804 0.9958995580673218 21
1741576874094 0.9979614019393921 22
1741576874390 0.9959738254547119 23
1741576874689 0.9995660781860352 24
1741576874990 0.9942291975021362 25
1741576875293 0.9945864677429199 26
1741576875592 0.9976661801338196 27
1741576875884 0.9979536533355713 28
1741576876175 0.9970177412033081 29
1741576876465 0.9964591860771179 30
1741576876754 0.9971466660499573 31
1741576877047 0.9991045594215393 32
1741576877347 0.996861457824707 33
1741576877641 0.9967648386955261 34
1741576877927 0.9966489672660828 35
1741576878231 0.9969518780708313 36
1741576878524 0.9952884912490845 37
1741576878807 0.9976235628128052 38
1741576879115 0.9959830641746521 39
