1741581221522 0.9769309759140015 0
1741581222052 1.0381872653961182 1
1741581222600 1.0420234203338623 2
1741581223117 0.9898660182952881 3
1741581223655 1.107263207435608 4
1741581224156 0.788796603679657 5
1741581224671 1.1727783679962158 6
1741581225189 0.9123774766921997 7
1741581225728 1.1118170022964478 8
1741581226237 0.9076213240623474 9
1741581226769 1.0866668224334717 10
1741581227287 0.9692705869674683 11
1741581227800 1.0852311849594116 12
1741581228316 1.000805139541626 13
1741581228828 1.060366153717041 14
1741581229344 1.0275839567184448 15
1741581229848 1.0359574556350708 16
1741581230363 1.0279109477996826 17
1741581230903 1.0338982343673706 18
1741581231473 1.034688949584961 19
1741581232058 1.013450026512146 20
1741581232563 1.0345271825790405 21
1741581233068 1.0327600240707397 22
1741581233588 1.028411626815796 23
1741581234123 1.034744143486023 24
1741581234621 1.0362709760665894 25
1741581235126 1.035875678062439 26
1741581235669 1.028908133506775 27
1741581236173 1.0328876972198486 28
1741581236671 1.0322561264038086 29
1741581237186 1.0250401496887207 30
1741581237743 1.028310775756836 31
1741581238273 1.0377730131149292 32
1741581238770 1.030937671661377 33
1741581239286 1.0162148475646973 34
1741581239786 1.0336155891418457 35
1741581240305 1.030430793762207 36
1741581240821 1.0266153812408447 37
1741581241338 1.0303505659103394 38
1741581241840 1.035573959350586 39
1741581242357 1.0320109128952026 40
1741581242860 1.0340327024459839 41
1741581243370 1.0301589965820312 42
1741581243886 1.0276883840560913 43
1741581244388 1.0288039445877075 44
1741581244888 1.027369737625122 45
1741581245406 1.0302058458328247 46
1741581245986 1.034222960472107 47
1741581246540 1.0341130495071411 48
1741581247118 1.0294396877288818 49
1741581247670 1.0280601978302002 50
1741581248206 1.0367650985717773 51
1741581248755 1.0283089876174927 52
1741581249302 1.029640555381775 53
1741581249852 1.0307790040969849 54
1741581250410 1.0407227277755737 55
1741581250959 1.0334638357162476 56
1741581251506 1.0305731296539307 57
1741581252051 1.0287586450576782 58
1741581252586 1.0316965579986572 59
1741581253156 1.027166485786438 60
1741581253709 1.0344430208206177 61
1741581254252 1.0285532474517822 62
1741581254804 1.032254695892334 63
1741581255335 1.0326098203659058 64
1741581255899 1.0292606353759766 65
1741581256454 1.0326344966888428 66
1741581257018 1.0302796363830566 67
1741581257556 1.0303784608840942 68
1741581258104 1.033326268196106 69
1741581258670 1.0274372100830078 70
1741581259218 1.0283124446868896 71
1741581259767 1.0306659936904907 72
1741581260320 1.0358803272247314 73
1741581260870 1.030367374420166 74
1741581261408 1.0303562879562378 75
1741581261989 1.0305315256118774 76
1741581262569 1.0309901237487793 77
1741581263137 1.0317139625549316 78
1741581263720 1.0290520191192627 79
1741581264270 1.0287495851516724 80
1741581264820 1.0436934232711792 81
1741581265373 1.0260732173919678 82
1741581265921 1.029554009437561 83
1741581266470 1.0440348386764526 84
1741581267020 1.0281785726547241 85
1741581267588 1.0274699926376343 86
1741581268137 1.0290628671646118 87
1741581268685 1.031829595565796 88
1741581269236 1.0319008827209473 89
1741581269803 1.0298914909362793 90
1741581270343 1.031324863433838 91
1741581270885 1.0328106880187988 92
1741581271436 1.0308700799942017 93
1741581271995 1.0335344076156616 94
1741581272569 1.0268158912658691 95
1741581273154 1.0346269607543945 96
1741581273735 1.0347418785095215 97
1741581274269 1.0325266122817993 98
1741581274821 1.0323129892349243 99
