1741579400713 0.4571063220500946 0
1741579401154 0.317918062210083 1
1741579401571 0.210808664560318 2
1741579401994 0.18119177222251892 3
1741579402408 0.16569285094738007 4
1741579402816 0.1550769954919815 5
1741579403232 0.14491134881973267 6
1741579403666 0.13744527101516724 7
1741579404097 0.13200385868549347 8
1741579404530 0.12899845838546753 9
1741579404949 0.12514109909534454 10
1741579405363 0.12018571048974991 11
1741579405796 0.11743951588869095 12
1741579406233 0.11339607834815979 13
1741579406663 0.11056990176439285 14
1741579407082 0.10789567232131958 15
1741579407507 0.10478565841913223 16
1741579407950 0.10215945541858673 17
1741579408386 0.10098198801279068 18
1741579408800 0.09905689209699631 19
1741579409230 0.09622282534837723 20
1741579409646 0.09517262130975723 21
1741579410063 0.09661275148391724 22
1741579410484 0.09227585792541504 23
1741579410903 0.08979242295026779 24
1741579411313 0.08821472525596619 25
1741579411748 0.08639902621507645 26
1741579412181 0.0852259173989296 27
1741579412596 0.08404697477817535 28
1741579412996 0.08320345729589462 29
