1741579400713 7979735.0 0
1741579401154 11183495.0 1
1741579401571 11700942.0 2
1741579401994 12226168.0 3
1741579402408 12309587.0 4
1741579402816 12316441.0 5
1741579403232 12413788.0 6
1741579403666 12418732.0 7
1741579404097 12361239.0 8
1741579404530 12489760.0 9
1741579404949 12497996.0 10
1741579405363 12489661.0 11
1741579405796 12442719.0 12
1741579406233 12448745.0 13
1741579406663 12468422.0 14
1741579407082 12456548.0 15
1741579407507 12500856.0 16
1741579407950 12442444.0 17
1741579408386 12420415.0 18
1741579408800 12481147.0 19
1741579409230 12369227.0 20
1741579409646 12463513.0 21
1741579410063 12570874.0 22
1741579410484 12477125.0 23
1741579410903 12463519.0 24
1741579411313 12327362.0 25
1741579411748 12326356.0 26
1741579412181 12328366.0 27
1741579412596 12251476.0 28
1741579412996 12229275.0 29
