1741576735831 0.7361138463020325 0
1741576736167 0.7290205955505371 1
1741576736517 0.7279930710792542 2
1741576736888 0.7282949686050415 3
1741576737247 0.7268847823143005 4
1741576737599 0.727856457233429 5
1741576737939 0.7275043725967407 6
1741576738282 0.7273475527763367 7
1741576738634 0.7279998660087585 8
1741576738984 0.7278911471366882 9
1741576739334 0.7276176810264587 10
1741576739684 0.7276906967163086 11
1741576740033 0.7275568246841431 12
1741576740383 0.7266853451728821 13
1741576740729 0.7273173928260803 14
1741576741067 0.7272913455963135 15
1741576741422 0.7275148630142212 16
1741576741765 0.7281727194786072 17
1741576742101 0.7277683019638062 18
1741576742452 0.727186918258667 19
1741576742800 0.7276167869567871 20
1741576743184 0.7271264791488647 21
1741576743547 0.7274503111839294 22
1741576743886 0.727292001247406 23
1741576744233 0.7271806001663208 24
1741576744583 0.7272010445594788 25
1741576744934 0.7272595763206482 26
1741576745283 0.7280071377754211 27
1741576745622 0.7270118594169617 28
1741576745974 0.7274471521377563 29
1741576746317 0.72672438621521 30
1741576746669 0.7276161313056946 31
1741576747012 0.7272263765335083 32
1741576747350 0.7268947958946228 33
1741576747702 0.7269978523254395 34
1741576748333 0.7270638346672058 35
1741576748685 0.7269871830940247 36
1741576749033 0.7273625135421753 37
1741576749400 0.726836621761322 38
1741576749735 0.7268584370613098 39
