1741576735831 1.007225513458252 0
1741576736167 0.9976672530174255 1
1741576736517 0.9981165528297424 2
1741576736888 0.9990913271903992 3
1741576737247 0.9966586828231812 4
1741576737599 1.0001574754714966 5
1741576737939 0.9988970756530762 6
1741576738282 0.999066174030304 7
1741576738634 1.0015305280685425 8
1741576738984 1.0001542568206787 9
1741576739334 1.000199317932129 10
1741576739684 0.9996340870857239 11
1741576740033 0.9990770816802979 12
1741576740383 0.9988235235214233 13
1741576740729 0.999284029006958 14
1741576741067 0.9984124302864075 15
1741576741422 1.000296950340271 16
1741576741765 1.0006681680679321 17
1741576742101 1.000502109527588 18
1741576742452 0.999501645565033 19
1741576742800 0.9995201826095581 20
1741576743184 0.9985537528991699 21
1741576743547 0.9999595284461975 22
1741576743886 0.9992102980613708 23
1741576744233 0.9992677569389343 24
1741576744583 0.9992942214012146 25
1741576744934 0.9994527697563171 26
1741576745283 1.0001860857009888 27
1741576745622 0.9990058541297913 28
1741576745974 0.9997316598892212 29
1741576746317 0.9982829689979553 30
1741576746669 0.9998627305030823 31
1741576747012 0.9994552135467529 32
1741576747350 0.9987342357635498 33
1741576747702 0.9989235997200012 34
1741576748333 0.9990253448486328 35
1741576748685 0.9987444877624512 36
1741576749033 0.9997401833534241 37
1741576749400 0.9984878301620483 38
1741576749735 0.9986392259597778 39
