1741589757077 89.00656127929688 0
1741589757413 60.614253997802734 1
1741589757784 46.67318344116211 2
1741589758165 43.321266174316406 3
1741589758536 40.10711669921875 4
1741589758889 38.153175354003906 5
1741589759236 36.2198600769043 6
1741589759588 34.73099899291992 7
1741589759935 33.50437927246094 8
1741589760289 32.35824966430664 9
1741589760653 31.86554718017578 10
1741589761002 31.212263107299805 11
1741589761350 30.46186637878418 12
1741589761701 29.877418518066406 13
1741589762051 29.260271072387695 14
1741589762397 29.136249542236328 15
1741589762736 28.621580123901367 16
1741589763092 28.29776382446289 17
1741589763443 27.966583251953125 18
1741589763783 27.61530303955078 19
1741589764142 27.86061668395996 20
1741589764494 27.34000587463379 21
1741589764835 26.959339141845703 22
1741589765198 26.95335578918457 23
1741589765546 26.795522689819336 24
1741589765912 26.403366088867188 25
1741589766270 26.203815460205078 26
1741589766628 25.880048751831055 27
1741589766979 25.8642635345459 28
1741589767329 25.91329002380371 29
1741589767679 25.995363235473633 30
1741589768029 25.520864486694336 31
1741589768385 25.101770401000977 32
1741589768732 25.030012130737305 33
1741589769083 24.95151138305664 34
1741589769435 24.75181007385254 35
1741589769787 24.538705825805664 36
1741589770142 24.115131378173828 37
1741589770497 23.81538200378418 38
1741589770847 24.33245849609375 39
1741589771214 24.018705368041992 40
1741589771563 23.500940322875977 41
1741589771898 23.405969619750977 42
1741589772256 23.0882568359375 43
1741589772605 22.883602142333984 44
1741589772953 22.629547119140625 45
1741589773306 22.860029220581055 46
1741589773657 22.707502365112305 47
1741589774015 22.66335678100586 48
1741589774379 22.326900482177734 49
1741589774748 22.031993865966797 50
1741589775095 21.93308448791504 51
1741589775449 21.891780853271484 52
1741589775819 21.697111129760742 53
1741589776179 21.656240463256836 54
1741589776528 21.806791305541992 55
1741589776879 21.664018630981445 56
1741589777231 21.337678909301758 57
1741589777585 21.221162796020508 58
1741589777942 21.839265823364258 59
1741589778298 21.331186294555664 60
1741589778666 21.07754898071289 61
1741589779012 21.023963928222656 62
1741589779370 21.102222442626953 63
1741589779719 21.022180557250977 64
1741589780080 20.605316162109375 65
1741589780482 20.44131851196289 66
1741589780921 20.440738677978516 67
1741589781309 20.280397415161133 68
1741589781702 20.323274612426758 69
1741589782090 20.297563552856445 70
1741589782484 20.250837326049805 71
1741589782878 20.278228759765625 72
1741589783282 20.317646026611328 73
1741589783660 20.413528442382812 74
1741589784028 19.950454711914062 75
1741589784403 20.055517196655273 76
1741589784777 19.95688819885254 77
1741589785145 19.95563316345215 78
1741589785521 19.6988468170166 79
1741589785895 19.603181838989258 80
1741589786309 19.464326858520508 81
1741589786726 19.565126419067383 82
1741589787135 19.52203369140625 83
1741589787528 19.30658531188965 84
1741589787894 19.38033676147461 85
1741589788274 19.303813934326172 86
