1741589757077 89.00655364990234 0
1741589757413 60.614253997802734 1
1741589757784 46.67318344116211 2
1741589758165 43.32126998901367 3
1741589758536 40.107120513916016 4
1741589758889 38.153175354003906 5
1741589759236 36.2198600769043 6
1741589759588 34.73099899291992 7
1741589759935 33.50437927246094 8
1741589760289 32.35824966430664 9
1741589760653 31.86554718017578 10
1741589761002 31.212263107299805 11
1741589761350 30.46186637878418 12
1741589761701 29.877418518066406 13
1741589762051 29.260271072387695 14
1741589762397 29.136247634887695 15
1741589762736 28.621580123901367 16
1741589763092 28.29776382446289 17
1741589763443 27.96658706665039 18
1741589763783 27.61530303955078 19
1741589764142 27.86061668395996 20
1741589764494 27.34000587463379 21
1741589764835 26.959339141845703 22
1741589765198 26.95335578918457 23
1741589765546 26.795522689819336 24
1741589765912 26.40336799621582 25
1741589766270 26.203819274902344 26
1741589766628 25.880048751831055 27
1741589766979 25.8642635345459 28
1741589767329 25.913288116455078 29
1741589767679 25.9953670501709 30
1741589768029 25.520864486694336 31
1741589768385 25.10177230834961 32
1741589768732 25.030012130737305 33
1741589769083 24.951513290405273 34
1741589769435 24.751808166503906 35
1741589769787 24.53870964050293 36
1741589770142 24.115131378173828 37
1741589770497 23.81538200378418 38
1741589770847 24.332456588745117 39
1741589771214 24.018705368041992 40
1741589771563 23.500940322875977 41
1741589771898 23.405967712402344 42
1741589772256 23.0882568359375 43
1741589772605 22.883602142333984 44
1741589772953 22.629547119140625 45
1741589773306 22.860029220581055 46
1741589773657 22.707504272460938 47
1741589774015 22.66335678100586 48
1741589774379 22.326900482177734 49
1741589774748 22.031991958618164 50
1741589775095 21.933082580566406 51
1741589775449 21.89177894592285 52
1741589775819 21.697111129760742 53
1741589776179 21.656240463256836 54
1741589776528 21.80678939819336 55
1741589776879 21.664018630981445 56
1741589777231 21.33768081665039 57
1741589777585 21.221162796020508 58
1741589777942 21.839265823364258 59
1741589778298 21.331186294555664 60
1741589778666 21.077547073364258 61
1741589779012 21.02396583557129 62
1741589779370 21.102222442626953 63
1741589779719 21.02218246459961 64
1741589780080 20.605316162109375 65
1741589780482 20.44131851196289 66
1741589780921 20.440738677978516 67
1741589781309 20.280397415161133 68
1741589781702 20.323274612426758 69
1741589782090 20.297561645507812 70
1741589782484 20.250837326049805 71
1741589782878 20.278226852416992 72
1741589783282 20.317646026611328 73
1741589783660 20.41352653503418 74
1741589784028 19.95045280456543 75
1741589784403 20.055517196655273 76
1741589784777 19.95688819885254 77
1741589785145 19.95563316345215 78
1741589785521 19.698843002319336 79
1741589785895 19.603181838989258 80
1741589786309 19.464326858520508 81
1741589786726 19.56512451171875 82
1741589787135 19.52203369140625 83
1741589787528 19.30658531188965 84
1741589787894 19.38033676147461 85
1741589788274 19.303813934326172 86
