1741589757077 0.8725680112838745 0
1741589757413 0.7280126214027405 1
1741589757784 0.6783100962638855 2
1741589758165 0.6415102481842041 3
1741589758536 0.6085332036018372 4
1741589758889 0.5779293775558472 5
1741589759236 0.5444235801696777 6
1741589759588 0.5095546245574951 7
1741589759935 0.4773584306240082 8
1741589760289 0.45176762342453003 9
1741589760653 0.43178457021713257 10
1741589761002 0.41459909081459045 11
1741589761350 0.401741623878479 12
1741589761701 0.3920342028141022 13
1741589762051 0.38388586044311523 14
1741589762397 0.3773346543312073 15
1741589762736 0.37154659628868103 16
1741589763092 0.36669060587882996 17
1741589763443 0.3627672493457794 18
1741589763783 0.35911688208580017 19
1741589764142 0.3559877276420593 20
1741589764494 0.3529646694660187 21
1741589764835 0.35066208243370056 22
1741589765198 0.34826231002807617 23
1741589765546 0.3461950123310089 24
1741589765912 0.3444724380970001 25
1741589766270 0.3425705134868622 26
1741589766628 0.3408525288105011 27
1741589766979 0.339373916387558 28
1741589767329 0.3379766047000885 29
1741589767679 0.3364480435848236 30
1741589768029 0.3350889980792999 31
1741589768385 0.3339262902736664 32
1741589768732 0.33262893557548523 33
1741589769083 0.3313419222831726 34
1741589769435 0.3303409814834595 35
1741589769787 0.3295058608055115 36
1741589770142 0.32848721742630005 37
1741589770497 0.32766520977020264 38
1741589770847 0.32781222462654114 39
1741589771214 0.3268459737300873 40
1741589771563 0.32618197798728943 41
1741589771898 0.325702965259552 42
1741589772256 0.3252246081829071 43
1741589772605 0.32473132014274597 44
1741589772953 0.32425573468208313 45
1741589773306 0.3238467574119568 46
1741589773657 0.3233893811702728 47
1741589774015 0.32307854294776917 48
1741589774379 0.3226468861103058 49
1741589774748 0.3223070204257965 50
1741589775095 0.32197076082229614 51
1741589775449 0.32165026664733887 52
1741589775819 0.32125502824783325 53
1741589776179 0.32097458839416504 54
1741589776528 0.32082849740982056 55
1741589776879 0.3206624984741211 56
1741589777231 0.32029518485069275 57
1741589777585 0.32006922364234924 58
1741589777942 0.31988707184791565 59
1741589778298 0.3195834457874298 60
1741589778666 0.3194083869457245 61
1741589779012 0.3192613124847412 62
1741589779370 0.31909850239753723 63
1741589779719 0.31891411542892456 64
1741589780080 0.3186456561088562 65
1741589780482 0.31848421692848206 66
1741589780921 0.31830736994743347 67
1741589781309 0.31811225414276123 68
1741589781702 0.318020761013031 69
1741589782090 0.3179137408733368 70
1741589782484 0.31778696179389954 71
1741589782878 0.31760185956954956 72
1741589783282 0.317442923784256 73
1741589783660 0.31734421849250793 74
1741589784028 0.3171587288379669 75
1741589784403 0.31703364849090576 76
1741589784777 0.31688040494918823 77
1741589785145 0.3167397379875183 78
1741589785521 0.3165791630744934 79
1741589785895 0.3164668679237366 80
1741589786309 0.3163400888442993 81
1741589786726 0.31624653935432434 82
1741589787135 0.31619763374328613 83
1741589787528 0.3160717189311981 84
1741589787894 0.31598445773124695 85
1741589788274 0.31589850783348083 86
