1741576817518 23044.185546875 0
1741576817970 6820.8544921875 1
1741576818397 3018.91796875 2
1741576818825 2917.5126953125 3
1741576819247 2663.06396484375 4
1741576819661 2208.236083984375 5
1741576820072 2114.093505859375 6
1741576820483 1281.738525390625 7
1741576820896 1154.3072509765625 8
1741576821295 1015.6370849609375 9
1741576821718 1073.5419921875 10
1741576822133 1494.734619140625 11
1741576822545 1206.094482421875 12
1741576822962 941.3614501953125 13
1741576823364 1451.3531494140625 14
1741576823782 965.9757690429688 15
1741576824206 1140.949462890625 16
1741576824635 1098.0694580078125 17
1741576825051 1425.531494140625 18
1741576825464 636.501220703125 19
1741576825884 537.5186157226562 20
1741576826297 670.0135498046875 21
1741576826695 537.5787353515625 22
1741576827117 613.0225219726562 23
1741576827527 615.4321899414062 24
1741576827937 453.20379638671875 25
1741576828361 458.7344665527344 26
1741576828779 538.135986328125 27
1741576829195 1117.67919921875 28
1741576829614 826.8540649414062 29
1741576830042 613.7391357421875 30
1741576830478 508.8442687988281 31
1741576830945 1436.2176513671875 32
1741576831411 863.9591064453125 33
1741576831875 568.904541015625 34
1741576832338 600.9342041015625 35
1741576832776 892.5786743164062 36
1741576833230 441.1159973144531 37
1741576833674 725.09814453125 38
1741576834113 425.4514465332031 39
