1741576817518 0.7252819538116455 0
1741576817970 0.7274594902992249 1
1741576818397 0.7273507118225098 2
1741576818825 0.7264750003814697 3
1741576819247 0.726370632648468 4
1741576819661 0.7275230288505554 5
1741576820072 0.7274796366691589 6
1741576820483 0.7267851233482361 7
1741576820896 0.7270150780677795 8
1741576821295 0.7267246246337891 9
1741576821718 0.7269939184188843 10
1741576822133 0.7271405458450317 11
1741576822545 0.7268273234367371 12
1741576822962 0.7270932197570801 13
1741576823364 0.7271178960800171 14
1741576823782 0.7265405058860779 15
1741576824206 0.7268526554107666 16
1741576824635 0.7271122932434082 17
1741576825051 0.7268505096435547 18
1741576825464 0.7269414067268372 19
1741576825884 0.7270101308822632 20
1741576826297 0.7271127700805664 21
1741576826695 0.7268275618553162 22
1741576827117 0.7269113063812256 23
1741576827527 0.726933479309082 24
1741576827937 0.7269845008850098 25
1741576828361 0.7269414663314819 26
1741576828779 0.7270005941390991 27
1741576829195 0.7267268896102905 28
1741576829614 0.7271140813827515 29
1741576830042 0.7270147800445557 30
1741576830478 0.7268771529197693 31
1741576830945 0.7267746925354004 32
1741576831411 0.7269343137741089 33
1741576831875 0.7269530296325684 34
1741576832338 0.7271134853363037 35
1741576832776 0.7269638180732727 36
1741576833230 0.7270492911338806 37
1741576833674 0.7270540595054626 38
1741576834113 0.7269819378852844 39
