1741580470980 2482973.75 0
1741580471193 693136.5625 1
1741580471397 538712.25 2
1741580471611 545073.875 3
1741580471813 329822.71875 4
1741580472026 237265.59375 5
1741580472230 303874.78125 6
1741580472435 341188.28125 7
1741580472640 247933.21875 8
1741580472845 247461.46875 9
1741580473050 314773.75 10
1741580473263 316007.0 11
1741580473469 221228.578125 12
1741580473675 198178.234375 13
1741580473883 251084.0625 14
1741580474084 266835.0625 15
1741580474311 286657.0 16
1741580474526 412274.5 17
1741580474763 355963.40625 18
1741580475005 299101.59375 19
1741580475214 286666.65625 20
1741580475422 403609.625 21
1741580475631 360161.28125 22
1741580475833 182709.5625 23
1741580476032 334958.875 24
1741580476241 119198.59375 25
1741580476478 143719.96875 26
1741580476693 213860.546875 27
1741580476920 276448.0625 28
1741580477135 327952.53125 29
1741580477342 280585.03125 30
1741580477532 322627.8125 31
1741580477751 181885.59375 32
1741580477955 130000.9375 33
1741580478158 204030.828125 34
1741580478359 197884.8125 35
1741580478549 212754.609375 36
1741580478751 322545.9375 37
1741580478958 168237.5 38
1741580479161 110614.2265625 39
1741580479345 151121.75 40
1741580479558 207248.59375 41
1741580479744 162545.140625 42
1741580479946 209571.71875 43
1741580480146 344050.84375 44
1741580480348 191537.078125 45
1741580480563 167331.484375 46
1741580480763 225269.90625 47
1741580480984 152266.53125 48
1741580481195 163739.625 49
1741580481396 296506.125 50
1741580481613 215403.453125 51
1741580481813 226379.59375 52
1741580482028 106093.7109375 53
1741580482229 162687.28125 54
1741580482438 104396.046875 55
1741580482639 203028.671875 56
1741580482843 220183.28125 57
1741580483032 123682.9453125 58
1741580483228 133320.21875 59
1741580483440 273052.65625 60
1741580483644 145349.828125 61
1741580483828 86945.8125 62
1741580484040 94574.9453125 63
1741580484244 130728.53125 64
1741580484444 106637.328125 65
1741580484628 113505.546875 66
1741580484831 143764.375 67
1741580485039 119642.890625 68
1741580485248 119794.9296875 69
1741580485468 89983.2265625 70
1741580485679 139943.734375 71
1741580485896 131984.078125 72
1741580486112 91218.90625 73
1741580486310 96935.5234375 74
1741580486497 203905.28125 75
1741580486729 165592.6875 76
1741580486935 160446.046875 77
1741580487139 155933.671875 78
1741580487348 108676.6796875 79
1741580487547 129366.1640625 80
1741580487747 147287.84375 81
1741580487943 105957.8359375 82
1741580488144 156053.40625 83
1741580488346 94939.5703125 84
1741580488551 101136.078125 85
1741580488753 139968.015625 86
1741580488946 177889.375 87
1741580489163 165015.65625 88
1741580489369 135620.53125 89
1741580489576 121171.078125 90
1741580489777 89971.734375 91
1741580489990 78137.734375 92
1741580490191 116359.6796875 93
1741580490412 105138.046875 94
1741580490610 141201.859375 95
1741580490821 218563.34375 96
1741580491027 176280.6875 97
1741580491211 142854.859375 98
1741580491425 203703.953125 99
