1741582364467 89.86288452148438 0
1741582364892 141.61080932617188 1
1741582365309 82.73068237304688 2
1741582365746 82.5468978881836 3
1741582366179 60.043060302734375 4
1741582366630 63.36017608642578 5
1741582367059 60.005672454833984 6
1741582367490 57.528533935546875 7
1741582367909 58.984073638916016 8
1741582368333 51.34739685058594 9
1741582368761 56.70389938354492 10
1741582369182 48.05971145629883 11
1741582369615 57.53190612792969 12
1741582370042 53.11585235595703 13
1741582370477 52.623443603515625 14
1741582370907 51.57200622558594 15
