1741578620810 0.996059775352478 0
1741578621251 0.9976481795310974 1
1741578621680 0.9997307062149048 2
1741578622093 0.9939405918121338 3
1741578622510 0.9970741868019104 4
1741578622921 1.0005033016204834 5
1741578623340 0.9985694289207458 6
1741578623759 0.9990665316581726 7
1741578624176 0.9983499646186829 8
1741578624595 0.9992866516113281 9
1741578625022 0.9987571239471436 10
1741578625465 0.9987391829490662 11
1741578625987 0.9985289573669434 12
1741578626508 1.0006895065307617 13
1741578627030 0.998168408870697 14
1741578627558 0.9996998906135559 15
1741578628079 0.9990714192390442 16
1741578628614 0.9988663196563721 17
1741578629163 0.9983531832695007 18
1741578629696 0.9997968673706055 19
1741578630225 0.999641478061676 20
1741578630766 0.9991166591644287 21
1741578631295 0.9991114139556885 22
1741578631812 0.9993103742599487 23
1741578632348 0.9987500905990601 24
1741578632893 0.9990159273147583 25
1741578633431 0.9989340305328369 26
1741578633967 0.9995337724685669 27
1741578634496 0.9990980625152588 28
1741578635011 0.998931348323822 29
