1741577268700 0.9950685501098633 0
1741577269129 0.9977384805679321 1
1741577269537 1.000101089477539 2
1741577269964 0.9983128905296326 3
1741577270368 0.9967963099479675 4
1741577270785 0.9983892440795898 5
1741577271204 0.9975413084030151 6
1741577271623 0.9980283975601196 7
1741577272037 0.9978864789009094 8
1741577272457 0.9977098703384399 9
1741577272868 0.998495876789093 10
1741577273277 0.9991583824157715 11
1741577273707 0.9982151389122009 12
1741577274145 0.9988967776298523 13
1741577274588 0.9989145994186401 14
1741577275000 0.9984326362609863 15
1741577275422 0.9988037943840027 16
1741577275838 0.9985035061836243 17
1741577276254 0.9990848302841187 18
1741577276670 0.998721182346344 19
1741577277085 0.9986575841903687 20
1741577277500 0.9987152814865112 21
1741577277944 0.9987152814865112 22
1741577278368 0.9988783597946167 23
1741577278786 0.9985905289649963 24
1741577279204 0.9989995956420898 25
1741577279632 0.9988442063331604 26
1741577280035 0.9979875087738037 27
1741577280457 0.998948335647583 28
1741577280870 0.9989173412322998 29
1741577281293 0.998643159866333 30
1741577281709 0.9988417625427246 31
1741577282127 0.9989963173866272 32
1741577282540 0.9994368553161621 33
1741577282953 0.9987006783485413 34
1741577283365 0.9988300800323486 35
1741577283768 0.9985552430152893 36
1741577284192 0.9989554286003113 37
1741577284609 0.9987231492996216 38
1741577285024 0.9988024830818176 39
