1741579916701 871759.9375 0
1741579917002 315320.25 1
1741579917311 232813.265625 2
1741579917630 143759.78125 3
1741579917947 119170.046875 4
1741579918252 187851.0625 5
1741579918577 186413.9375 6
1741579918861 106131.1171875 7
1741579919177 168529.421875 8
1741579919461 161607.578125 9
1741579919769 76904.8515625 10
1741579920066 117766.09375 11
1741579920363 128858.9921875 12
1741579920647 104362.078125 13
1741579920959 113273.921875 14
1741579921262 87743.03125 15
1741579921560 100868.8203125 16
1741579921870 83776.3671875 17
1741579922178 53060.203125 18
1741579922476 58071.05859375 19
1741579922778 97605.0859375 20
1741579923061 101150.25 21
1741579923369 139421.78125 22
1741579923667 75187.65625 23
1741579923970 51086.46875 24
1741579924267 49866.12109375 25
1741579924561 48157.6171875 26
1741579924861 49411.83203125 27
1741579925161 25685.921875 28
1741579925461 49231.03515625 29
1741579925765 75396.703125 30
1741579926058 72817.9375 31
1741579926345 48750.47265625 32
1741579926644 49912.24609375 33
1741579926930 40676.9765625 34
1741579927241 35230.4296875 35
1741579927526 34323.37109375 36
1741579927827 40248.08203125 37
1741579928119 32457.359375 38
1741579928417 57827.40234375 39
1741579928731 41606.5703125 40
1741579929016 30321.0625 41
1741579929327 24528.337890625 42
1741579929616 30881.984375 43
1741579929914 16655.494140625 44
1741579930220 20634.728515625 45
1741579930527 31562.421875 46
1741579930862 24446.966796875 47
1741579931179 32132.615234375 48
1741579931497 35283.05078125 49
1741579931826 43537.14453125 50
1741579932144 35402.4140625 51
1741579932444 26765.951171875 52
1741579932775 27765.34765625 53
1741579933116 27698.00390625 54
1741579933447 32331.375 55
1741579933818 25640.279296875 56
1741579934224 29033.88671875 57
1741579934557 19523.796875 58
1741579934904 26220.947265625 59
1741579935227 24443.720703125 60
1741579935556 20615.95703125 61
1741579935860 20937.5546875 62
1741579936176 15837.5556640625 63
1741579936509 19197.458984375 64
1741579936810 17407.193359375 65
1741579937165 17983.90625 66
1741579937502 14747.5400390625 67
1741579937846 16048.6474609375 68
1741579938195 21389.626953125 69
1741579938508 14797.849609375 70
1741579938810 16780.44140625 71
1741579939126 11880.11328125 72
1741579939454 12891.1826171875 73
1741579939772 18780.6328125 74
1741579940087 26507.046875 75
1741579940394 23108.845703125 76
1741579940713 23801.642578125 77
1741579941026 26846.33203125 78
1741579941383 20187.16015625 79
1741579941743 22492.34375 80
1741579942077 22215.57421875 81
1741579942400 26669.771484375 82
1741579942727 31164.26171875 83
1741579943045 18103.166015625 84
1741579943361 14378.171875 85
1741579943677 9109.97265625 86
1741579943996 11141.0673828125 87
1741579944313 13925.83984375 88
1741579944625 14907.267578125 89
1741579944948 9907.67578125 90
1741579945268 13076.66796875 91
1741579945597 10257.947265625 92
1741579945952 7271.630859375 93
1741579946285 10160.99609375 94
1741579946622 12346.4453125 95
1741579946926 13049.35546875 96
1741579947247 12644.8310546875 97
1741579947573 15277.9443359375 98
1741579947902 11330.705078125 99
