1741579916701 1.052885890007019 0
1741579917002 1.0737155675888062 1
1741579917311 1.0595402717590332 2
1741579917630 1.057821273803711 3
1741579917947 1.0545947551727295 4
1741579918252 1.0512884855270386 5
1741579918577 1.047663927078247 6
1741579918861 1.0493652820587158 7
1741579919177 1.0491122007369995 8
1741579919461 1.044479489326477 9
1741579919769 1.0424972772598267 10
1741579920066 1.0472131967544556 11
1741579920363 1.0466070175170898 12
1741579920647 1.038742184638977 13
1741579920959 1.0411832332611084 14
1741579921262 1.0391809940338135 15
1741579921560 1.0387930870056152 16
1741579921870 1.0399482250213623 17
1741579922178 1.0415313243865967 18
1741579922476 1.0374908447265625 19
1741579922778 1.0351163148880005 20
1741579923061 1.0386340618133545 21
1741579923369 1.0377113819122314 22
1741579923667 1.036468744277954 23
1741579923970 1.035754919052124 24
1741579924267 1.0373620986938477 25
1741579924561 1.0362423658370972 26
1741579924861 1.0361906290054321 27
1741579925161 1.0352104902267456 28
1741579925461 1.035561203956604 29
1741579925765 1.0377246141433716 30
1741579926058 1.0343087911605835 31
1741579926345 1.035908818244934 32
1741579926644 1.0361179113388062 33
1741579926930 1.0361953973770142 34
1741579927241 1.0350931882858276 35
1741579927526 1.035597324371338 36
1741579927827 1.0352312326431274 37
1741579928119 1.0350457429885864 38
1741579928417 1.0369926691055298 39
1741579928731 1.0342230796813965 40
1741579929016 1.0342628955841064 41
1741579929327 1.0364830493927002 42
1741579929616 1.0350213050842285 43
1741579929914 1.0341336727142334 44
1741579930220 1.0340443849563599 45
1741579930527 1.033225417137146 46
1741579930862 1.0348938703536987 47
1741579931179 1.0336991548538208 48
1741579931497 1.0338261127471924 49
1741579931826 1.0335224866867065 50
1741579932144 1.033883810043335 51
1741579932444 1.0341242551803589 52
1741579932775 1.0340495109558105 53
1741579933116 1.0331014394760132 54
1741579933447 1.0327200889587402 55
1741579933818 1.0334110260009766 56
1741579934224 1.0321612358093262 57
1741579934557 1.0332013368606567 58
1741579934904 1.031934380531311 59
1741579935227 1.0322515964508057 60
1741579935556 1.0323718786239624 61
1741579935860 1.0329504013061523 62
1741579936176 1.0330063104629517 63
1741579936509 1.0336095094680786 64
1741579936810 1.0327420234680176 65
1741579937165 1.0326557159423828 66
1741579937502 1.032814621925354 67
1741579937846 1.0320481061935425 68
1741579938195 1.0317952632904053 69
1741579938508 1.0322747230529785 70
1741579938810 1.0319876670837402 71
1741579939126 1.031942367553711 72
1741579939454 1.0320324897766113 73
1741579939772 1.0313010215759277 74
1741579940087 1.0321955680847168 75
1741579940394 1.0317668914794922 76
1741579940713 1.031711459159851 77
1741579941026 1.031874418258667 78
1741579941383 1.0321683883666992 79
1741579941743 1.0314961671829224 80
1741579942077 1.0315475463867188 81
1741579942400 1.031769037246704 82
1741579942727 1.0311272144317627 83
1741579943045 1.0319379568099976 84
1741579943361 1.0314157009124756 85
1741579943677 1.0318759679794312 86
1741579943996 1.0314277410507202 87
1741579944313 1.031383991241455 88
1741579944625 1.0316137075424194 89
1741579944948 1.0318753719329834 90
1741579945268 1.0317269563674927 91
1741579945597 1.0316052436828613 92
1741579945952 1.0315978527069092 93
1741579946285 1.0318942070007324 94
1741579946622 1.0317144393920898 95
1741579946926 1.032209038734436 96
1741579947247 1.031870722770691 97
1741579947573 1.0308606624603271 98
1741579947902 1.0318325757980347 99
