1741582516353 69.55946350097656 0
1741582516838 50.69547653198242 1
1741582517268 44.41499328613281 2
1741582517700 40.15983200073242 3
1741582518123 38.213199615478516 4
1741582518546 36.403411865234375 5
1741582518979 32.90366744995117 6
1741582519405 30.48117446899414 7
1741582519819 29.368967056274414 8
1741582520251 29.177114486694336 9
1741582520669 29.154537200927734 10
1741582521100 27.586061477661133 11
1741582521519 26.3398380279541 12
1741582521935 25.992990493774414 13
1741582522368 25.76957893371582 14
1741582522787 25.789588928222656 15
1741582523209 25.121013641357422 16
1741582523648 24.78101348876953 17
1741582524076 24.46759605407715 18
