1741582516353 0.7529506087303162 0
1741582516838 0.5882748961448669 1
1741582517268 0.49099698662757874 2
1741582517700 0.3934829831123352 3
1741582518123 0.2903190851211548 4
1741582518546 0.21573437750339508 5
1741582518979 0.17263750731945038 6
1741582519405 0.14654365181922913 7
1741582519819 0.13168001174926758 8
1741582520251 0.12297727167606354 9
1741582520669 0.11641909927129745 10
1741582521100 0.1098538413643837 11
1741582521519 0.10458673536777496 12
1741582521935 0.10049018263816833 13
1741582522368 0.09610535949468613 14
1741582522787 0.09236587584018707 15
1741582523209 0.08999300003051758 16
1741582523648 0.08862083405256271 17
1741582524076 0.08622466772794724 18
