1741578157564 0.7269170880317688 0
1741578157993 0.7278004884719849 1
1741578158397 0.7283719778060913 2
1741578158810 0.726536750793457 3
1741578159208 0.7275972366333008 4
1741578159643 0.7267023921012878 5
1741578160077 0.7265922427177429 6
1741578160510 0.7268605828285217 7
1741578160926 0.727074146270752 8
1741578161344 0.7268743515014648 9
1741578161788 0.727008044719696 10
1741578162201 0.7268236875534058 11
1741578162613 0.7266248464584351 12
1741578163041 0.726851761341095 13
1741578163455 0.7268555760383606 14
1741578163876 0.7268086075782776 15
1741578164330 0.7269195318222046 16
1741578164780 0.7270212769508362 17
1741578165217 0.7268580794334412 18
1741578165625 0.726721465587616 19
1741578166048 0.7269916534423828 20
1741578166475 0.7269354462623596 21
1741578166895 0.7269943356513977 22
1741578167313 0.7267440557479858 23
1741578167724 0.7270854115486145 24
1741578168141 0.7268170714378357 25
1741578168575 0.7270570993423462 26
1741578169012 0.7269805669784546 27
1741578169428 0.7270048260688782 28
1741578169841 0.7270240187644958 29
1741578170258 0.7269920706748962 30
1741578170675 0.7269920706748962 31
1741578171095 0.7269889712333679 32
1741578171514 0.7269587516784668 33
1741578171936 0.7270553112030029 34
1741578172341 0.7271150350570679 35
1741578172776 0.7268958687782288 36
1741578173207 0.7269865870475769 37
1741578173608 0.7269026041030884 38
1741578174032 0.7270047068595886 39
1741578174457 0.7268626689910889 40
1741578174874 0.726935863494873 41
1741578175278 0.7269808650016785 42
1741578175714 0.7270501852035522 43
1741578176166 0.726950466632843 44
1741578176602 0.7271636128425598 45
1741578177025 0.7270614504814148 46
1741578177441 0.7269834876060486 47
1741578177858 0.7268746495246887 48
1741578178279 0.727013349533081 49
