1741578157564 0.9953939318656921 0
1741578157993 1.0032366514205933 1
1741578158397 1.0012131929397583 2
1741578158810 0.9978346824645996 3
1741578159208 0.9998809099197388 4
1741578159643 0.997843861579895 5
1741578160077 0.997767984867096 6
1741578160510 0.9982154369354248 7
1741578160926 0.9979221820831299 8
1741578161344 0.9985518455505371 9
1741578161788 0.9984262585639954 10
1741578162201 0.9983309507369995 11
1741578162613 0.9978904128074646 12
1741578163041 0.9980719685554504 13
1741578163455 0.998407244682312 14
1741578163876 0.9985125064849854 15
1741578164330 0.9986595511436462 16
1741578164780 0.9986770153045654 17
1741578165217 0.9982113838195801 18
1741578165625 0.9988014698028564 19
1741578166048 0.99895179271698 20
1741578166475 0.9984419345855713 21
1741578166895 0.998976469039917 22
1741578167313 0.9981356859207153 23
1741578167724 0.9989715218544006 24
1741578168141 0.9985225796699524 25
1741578168575 0.9991535544395447 26
1741578169012 0.9987249970436096 27
1741578169428 0.9987428784370422 28
1741578169841 0.9989105463027954 29
1741578170258 0.9987915754318237 30
1741578170675 0.998748779296875 31
1741578171095 0.9989150762557983 32
1741578171514 0.9988111257553101 33
1741578171936 0.999069094657898 34
1741578172341 0.9993557333946228 35
1741578172776 0.99851393699646 36
1741578173207 0.9988693594932556 37
1741578173608 0.9985452890396118 38
1741578174032 0.998867392539978 39
1741578174457 0.9986586570739746 40
1741578174874 0.9987010955810547 41
1741578175278 0.9987356066703796 42
1741578175714 0.9990159273147583 43
1741578176166 0.9987548589706421 44
1741578176602 0.9989266991615295 45
1741578177025 0.9989921450614929 46
1741578177441 0.9988076686859131 47
1741578177858 0.9986632466316223 48
1741578178279 0.9988910555839539 49
