1741579788962 0.2921815812587738 0
1741579789274 0.08534031361341476 1
1741579789587 0.06686808913946152 2
1741579789883 0.05905328691005707 3
1741579790169 0.053872715681791306 4
1741579790475 0.04971301555633545 5
1741579790771 0.046298228204250336 6
1741579791073 0.04338874667882919 7
1741579791388 0.040941596031188965 8
1741579791691 0.03881162405014038 9
1741579792067 0.036681871861219406 10
1741579792457 0.035109780728816986 11
1741579792855 0.03374793007969856 12
1741579793243 0.032564982771873474 13
1741579793618 0.031656887382268906 14
1741579793981 0.033013392239809036 15
1741579794371 0.030646339058876038 16
1741579794742 0.02932184375822544 17
1741579795114 0.028358925133943558 18
1741579795489 0.027440760284662247 19
1741579795873 0.026905616745352745 20
1741579796253 0.0260786060243845 21
1741579796631 0.02550307847559452 22
1741579797019 0.024398360401391983 23
1741579797414 0.023959873244166374 24
1741579797787 0.03364995867013931 25
1741579798175 0.032070230692625046 26
1741579798568 0.025890830904245377 27
1741579798951 0.02411595731973648 28
1741579799338 0.022531377151608467 29
1741579799719 0.021473819389939308 30
1741579800097 0.02044258452951908 31
1741579800470 0.019967123866081238 32
1741579800856 0.018982766196131706 33
1741579801240 0.018200187012553215 34
1741579801622 0.01740970090031624 35
1741579801996 0.016887150704860687 36
1741579802381 0.01658462919294834 37
1741579802753 0.015512046404182911 38
1741579803136 0.014901487156748772 39
1741579803509 0.0141328489407897 40
1741579803887 0.01325303129851818 41
1741579804276 0.012747218832373619 42
1741579804662 0.011990031227469444 43
1741579805052 0.011861205101013184 44
1741579805458 0.01109565794467926 45
1741579805865 0.010238436982035637 46
1741579806250 0.010257995687425137 47
1741579806699 0.009729960933327675 48
1741579807121 0.009271177463233471 49
1741579807519 0.009131944738328457 50
1741579807921 0.009241234511137009 51
1741579808318 0.008664526976644993 52
1741579808795 0.008792522363364697 53
1741579809238 0.0083461944013834 54
1741579809666 0.008162613958120346 55
1741579810086 0.008133896626532078 56
1741579810481 0.009045775048434734 57
1741579810876 0.008468546904623508 58
1741579811255 0.00786370038986206 59
1741579811663 0.00776600930839777 60
1741579812062 0.0075090136379003525 61
1741579812475 0.007405038923025131 62
1741579812892 0.007340834476053715 63
1741579813311 0.0076532186940312386 64
1741579813687 0.008227885700762272 65
1741579814035 0.007469067815691233 66
1741579814416 0.007295777089893818 67
1741579814769 0.00723201734945178 68
1741579815118 0.007110638078302145 69
1741579815459 0.0069714016281068325 70
1741579815785 0.0068660397082567215 71
1741579816103 0.0070228069089353085 72
1741579816423 0.00693687004968524 73
1741579816782 0.006785242352634668 74
1741579817110 0.006628501694649458 75
1741579817434 0.006652264855802059 76
1741579817766 0.006503748707473278 77
1741579818120 0.0064806099981069565 78
1741579818458 0.006454698741436005 79
1741579818799 0.0065634301863610744 80
1741579819116 0.007282492704689503 81
1741579819439 0.006808761972934008 82
1741579819756 0.006408466026186943 83
1741579820074 0.006418757140636444 84
1741579820431 0.0064797550439834595 85
1741579820751 0.006360448896884918 86
1741579821068 0.006222765892744064 87
1741579821406 0.006351300980895758 88
1741579821728 0.006247668527066708 89
1741579822049 0.006173937115818262 90
1741579822367 0.00603895029053092 91
1741579822692 0.006255609914660454 92
1741579823019 0.005964385345578194 93
1741579823363 0.00575625104829669 94
1741579823685 0.0057112788781523705 95
1741579823998 0.005673300474882126 96
1741579824330 0.005696112755686045 97
1741579824663 0.005931572988629341 98
1741579824989 0.005841877777129412 99
