1741582626544 75.25177764892578 0
1741582626961 66.07434844970703 1
1741582627359 61.544410705566406 2
1741582627785 57.97503662109375 3
1741582628204 55.062374114990234 4
1741582628624 52.46474075317383 5
1741582629059 52.25432205200195 6
1741582629474 50.16947555541992 7
1741582629881 50.24505615234375 8
1741582630298 47.918033599853516 9
1741582630709 47.825218200683594 10
1741582631120 46.94769287109375 11
1741582631529 46.429378509521484 12
1741582631926 47.622344970703125 13
1741582632350 45.01964569091797 14
1741582632763 44.23348617553711 15
1741582633174 43.88186264038086 16
1741582633575 43.766212463378906 17
1741582633992 43.163490295410156 18
1741582634409 43.45571517944336 19
1741582634820 42.63766098022461 20
1741582635224 43.459110260009766 21
1741582635637 42.068809509277344 22
1741582636048 42.679962158203125 23
1741582636465 42.51898193359375 24
1741582636878 41.549232482910156 25
1741582637287 41.40562057495117 26
1741582637712 41.57533264160156 27
1741582638125 40.92942428588867 28
1741582638578 40.91794967651367 29
1741582638994 40.71018600463867 30
1741582639416 40.6412467956543 31
1741582639832 40.34331130981445 32
1741582640243 41.04682922363281 33
1741582640646 40.650856018066406 34
1741582641058 40.0265998840332 35
1741582641491 40.18656921386719 36
1741582641922 40.120445251464844 37
1741582642329 39.91500473022461 38
1741582642780 40.2581901550293 39
1741582643229 39.7894401550293 40
1741582643675 39.9869270324707 41
1741582644111 39.39394760131836 42
1741582644546 39.76803970336914 43
1741582644995 39.3292236328125 44
1741582645430 39.31462478637695 45
1741582645908 39.183345794677734 46
1741582646341 40.00333023071289 47
1741582646789 38.66566848754883 48
1741582647213 38.68296432495117 49
1741582647648 38.57756805419922 50
1741582648082 39.08847427368164 51
1741582648507 38.67131042480469 52
1741582648939 38.604881286621094 53
