1741579279352 0.46339234709739685 0
1741579279786 0.33724159002304077 1
1741579280192 0.3066115975379944 2
1741579280600 0.2934264838695526 3
1741579281005 0.28394821286201477 4
1741579281411 0.2756744623184204 5
1741579281811 0.2702484428882599 6
1741579282222 0.26537275314331055 7
1741579282635 0.2612929344177246 8
1741579283058 0.25832900404930115 9
1741579283479 0.2555887997150421 10
1741579283900 0.25363194942474365 11
1741579284323 0.25033384561538696 12
1741579284751 0.2484125941991806 13
1741579285168 0.246554896235466 14
1741579285592 0.24511556327342987 15
1741579286018 0.24369919300079346 16
1741579286433 0.24221019446849823 17
1741579286850 0.2411649525165558 18
1741579287259 0.2401740700006485 19
1741579287696 0.23936620354652405 20
1741579288137 0.23896747827529907 21
1741579288577 0.23832955956459045 22
1741579288992 0.23773160576820374 23
1741579289397 0.23721112310886383 24
1741579289806 0.23651275038719177 25
1741579290212 0.23582172393798828 26
1741579290617 0.23557355999946594 27
1741579291005 0.23558467626571655 28
1741579291425 0.23677624762058258 29
