1741578993971 16615.791015625 0
1741578994404 5751.35791015625 1
1741578994829 2024.987548828125 2
1741578995288 1541.933349609375 3
1741578995724 1408.6302490234375 4
1741578996137 1484.36767578125 5
1741578996554 1699.0892333984375 6
1741578996978 1074.0479736328125 7
1741578997396 1720.107666015625 8
1741578997803 2184.794921875 9
1741578998220 1179.8896484375 10
1741578998620 804.8634033203125 11
1741578999039 860.0220947265625 12
1741578999472 1010.0838623046875 13
1741578999887 678.1068115234375 14
1741579000303 540.7120971679688 15
1741579000709 744.3818969726562 16
1741579001137 975.60693359375 17
1741579001554 1500.35302734375 18
1741579001970 798.2095947265625 19
1741579002387 802.5148315429688 20
1741579002819 679.8067016601562 21
1741579003238 1006.9727783203125 22
1741579003652 2170.71142578125 23
1741579004075 1593.9105224609375 24
1741579004483 747.4297485351562 25
1741579004903 705.8591918945312 26
1741579005336 1144.5557861328125 27
1741579005753 412.66192626953125 28
1741579006169 511.916015625 29
