1741578993971 0.7258808016777039 0
1741578994404 0.7259088158607483 1
1741578994829 0.7258071899414062 2
1741578995288 0.7257492542266846 3
1741578995724 0.7260013222694397 4
1741578996137 0.7260496616363525 5
1741578996554 0.7261927723884583 6
1741578996978 0.7260679006576538 7
1741578997396 0.725918173789978 8
1741578997803 0.7264325022697449 9
1741578998220 0.7262781858444214 10
1741578998620 0.7264672517776489 11
1741578999039 0.7265154123306274 12
1741578999472 0.726787805557251 13
1741578999887 0.7265403270721436 14
1741579000303 0.7267431020736694 15
1741579000709 0.7268806099891663 16
1741579001137 0.7265843152999878 17
1741579001554 0.7267759442329407 18
1741579001970 0.7270321249961853 19
1741579002387 0.726598858833313 20
1741579002819 0.7269864678382874 21
1741579003238 0.7267091274261475 22
1741579003652 0.7269501090049744 23
1741579004075 0.726518452167511 24
1741579004483 0.7268246412277222 25
1741579004903 0.7266461849212646 26
1741579005336 0.727069079875946 27
1741579005753 0.7268224358558655 28
1741579006169 0.7268874645233154 29
