1741578993971 0.9943868517875671 0
1741578994404 0.995103657245636 1
1741578994829 0.9945224523544312 2
1741578995288 0.99492347240448 3
1741578995724 0.996228039264679 4
1741578996137 0.9958614110946655 5
1741578996554 0.9968849420547485 6
1741578996978 0.9962316155433655 7
1741578997396 0.9963740706443787 8
1741578997803 0.9967620372772217 9
1741578998220 0.996718168258667 10
1741578998620 0.9973764419555664 11
1741578999039 0.9969978928565979 12
1741578999472 0.9977766275405884 13
1741578999887 0.9975566267967224 14
1741579000303 0.9979227185249329 15
1741579000709 0.9985606074333191 16
1741579001137 0.9976904392242432 17
1741579001554 0.9982588291168213 18
1741579001970 0.9987980723381042 19
1741579002387 0.9976608753204346 20
1741579002819 0.9985575079917908 21
1741579003238 0.9985222816467285 22
1741579003652 0.997958242893219 23
1741579004075 0.9980016350746155 24
1741579004483 0.9983579516410828 25
1741579004903 0.9983021020889282 26
1741579005336 0.9986101984977722 27
1741579005753 0.9981920719146729 28
1741579006169 0.9986316561698914 29
