1741577268700 15881.9921875 0
1741577269129 6955.138671875 1
1741577269537 4068.5673828125 2
1741577269964 1553.809326171875 3
1741577270368 1181.9993896484375 4
1741577270785 1206.2755126953125 5
1741577271204 1014.3010864257812 6
1741577271623 949.822021484375 7
1741577272037 1532.6260986328125 8
1741577272457 1071.52783203125 9
1741577272868 599.0843505859375 10
1741577273277 1206.6358642578125 11
1741577273707 1118.2510986328125 12
1741577274145 962.8372802734375 13
1741577274588 1492.8209228515625 14
1741577275000 752.3866577148438 15
1741577275422 853.1755981445312 16
1741577275838 705.5529174804688 17
1741577276254 745.9492797851562 18
1741577276670 560.1995849609375 19
1741577277085 505.63018798828125 20
1741577277500 724.6038208007812 21
1741577277944 413.91644287109375 22
1741577278368 543.1957397460938 23
1741577278786 886.5895385742188 24
1741577279204 759.7741088867188 25
1741577279632 693.5370483398438 26
1741577280035 918.5415649414062 27
1741577280457 762.7284545898438 28
1741577280870 629.0852661132812 29
1741577281293 360.15277099609375 30
1741577281709 570.9295043945312 31
1741577282127 904.3004150390625 32
1741577282540 767.7073974609375 33
1741577282953 1006.5675659179688 34
1741577283365 703.1929931640625 35
1741577283768 503.5406188964844 36
1741577284192 529.3291015625 37
1741577284609 430.3355712890625 38
1741577285024 483.1354675292969 39
