1741577268700 0.7278226613998413 0
1741577269129 0.7263925671577454 1
1741577269537 0.7283803820610046 2
1741577269964 0.7270625233650208 3
1741577270368 0.7266612648963928 4
1741577270785 0.7269904017448425 5
1741577271204 0.7266415953636169 6
1741577271623 0.7268367409706116 7
1741577272037 0.7270007133483887 8
1741577272457 0.7267918586730957 9
1741577272868 0.7270106673240662 10
1741577273277 0.7273444533348083 11
1741577273707 0.7268953919410706 12
1741577274145 0.727121889591217 13
1741577274588 0.7271150350570679 14
1741577275000 0.726933479309082 15
1741577275422 0.727054238319397 16
1741577275838 0.726848304271698 17
1741577276254 0.7270734906196594 18
1741577276670 0.7269919514656067 19
1741577277085 0.7269937992095947 20
1741577277500 0.7269070148468018 21
1741577277944 0.7269967198371887 22
1741577278368 0.7269177436828613 23
1741577278786 0.7270107865333557 24
1741577279204 0.7271187901496887 25
1741577279632 0.7269604802131653 26
1741577280035 0.7266721129417419 27
1741577280457 0.7269880771636963 28
1741577280870 0.7271110415458679 29
1741577281293 0.7269794344902039 30
1741577281709 0.7270055413246155 31
1741577282127 0.7270348072052002 32
1741577282540 0.7272892594337463 33
1741577282953 0.7270264029502869 34
1741577283365 0.7270727753639221 35
1741577283768 0.7269336581230164 36
1741577284192 0.7269524931907654 37
1741577284609 0.7269542217254639 38
1741577285024 0.7269445061683655 39
