1741578531428 36205.50390625 0
1741578531851 5196.05322265625 1
1741578532305 4139.111328125 2
1741578532719 2444.359375 3
1741578533131 2932.96533203125 4
1741578533556 2430.982666015625 5
1741578533976 1616.6767578125 6
1741578534396 1137.5908203125 7
1741578534802 2297.86572265625 8
1741578535223 2073.570556640625 9
1741578535658 2450.417724609375 10
1741578536082 1648.061767578125 11
1741578536515 1234.7735595703125 12
1741578536935 1343.863525390625 13
1741578537359 913.0946044921875 14
1741578537802 807.654541015625 15
1741578538219 532.5261840820312 16
1741578538662 838.59228515625 17
1741578539088 781.980224609375 18
1741578539508 1032.48046875 19
1741578539915 1118.6282958984375 20
1741578540341 876.8372192382812 21
1741578540774 767.2811889648438 22
1741578541201 1214.372314453125 23
1741578541621 554.591552734375 24
1741578542055 692.1453857421875 25
1741578542470 773.823486328125 26
1741578542891 755.9595947265625 27
1741578543318 483.06500244140625 28
1741578543739 970.8033447265625 29
