1741578531428 0.7197591662406921 0
1741578531851 0.7265499830245972 1
1741578532305 0.7270633578300476 2
1741578532719 0.7274076342582703 3
1741578533131 0.7274903059005737 4
1741578533556 0.7275862693786621 5
1741578533976 0.7271181344985962 6
1741578534396 0.7271149754524231 7
1741578534802 0.7273126840591431 8
1741578535223 0.7273358106613159 9
1741578535658 0.7274133563041687 10
1741578536082 0.727124810218811 11
1741578536515 0.7273941040039062 12
1741578536935 0.7273415923118591 13
1741578537359 0.7274336814880371 14
1741578537802 0.727206826210022 15
1741578538219 0.7272043228149414 16
1741578538662 0.7271878719329834 17
1741578539088 0.7271677255630493 18
1741578539508 0.7269972562789917 19
1741578539915 0.727057695388794 20
1741578540341 0.727188766002655 21
1741578540774 0.7271547913551331 22
1741578541201 0.7271941900253296 23
1741578541621 0.7268871068954468 24
1741578542055 0.7272098660469055 25
1741578542470 0.7270417809486389 26
1741578542891 0.7270327210426331 27
1741578543318 0.7269816994667053 28
1741578543739 0.7269416451454163 29
