1741578886407 0.7357986569404602 0
1741578886820 0.7254598736763 1
1741578887233 0.7257887721061707 2
1741578887654 0.726067066192627 3
1741578888064 0.7264033555984497 4
1741578888483 0.7269719243049622 5
1741578888878 0.726608157157898 6
1741578889294 0.7259520292282104 7
1741578889712 0.7265648245811462 8
1741578890128 0.7264071702957153 9
1741578890577 0.7264462113380432 10
1741578890993 0.7262749075889587 11
1741578891427 0.7263111472129822 12
1741578891863 0.7264164090156555 13
1741578892277 0.7265622019767761 14
1741578892693 0.7266366481781006 15
1741578893114 0.7265152931213379 16
1741578893553 0.7262163758277893 17
1741578893982 0.7265092730522156 18
1741578894416 0.7266689538955688 19
1741578894815 0.7264448404312134 20
1741578895244 0.7266249060630798 21
1741578895652 0.7265357971191406 22
1741578896076 0.7265441417694092 23
1741578896497 0.7267113327980042 24
1741578896927 0.7267407774925232 25
1741578897350 0.7268699407577515 26
1741578897762 0.7266221642494202 27
1741578898178 0.7268567085266113 28
1741578898610 0.7268295288085938 29
