1741582668122 75.19004821777344 0
1741582668539 56.554656982421875 1
1741582668972 52.34358215332031 2
1741582669425 49.38682174682617 3
1741582669876 47.63087463378906 4
1741582670316 43.66740798950195 5
1741582670738 40.90922164916992 6
1741582671191 40.12876892089844 7
1741582671624 38.94527816772461 8
1741582672055 37.110782623291016 9
1741582672499 37.22771453857422 10
1741582672928 37.02593231201172 11
1741582673376 35.976566314697266 12
1741582673811 34.27391052246094 13
1741582674243 33.68840408325195 14
1741582674700 33.27962875366211 15
1741582675155 33.31014633178711 16
1741582675626 32.92380905151367 17
1741582676072 32.70151138305664 18
1741582676570 32.07910919189453 19
1741582677035 31.737289428710938 20
1741582677490 32.28285217285156 21
1741582677954 31.32013511657715 22
1741582678404 31.230342864990234 23
1741582678877 30.95330238342285 24
1741582679321 30.863428115844727 25
1741582679807 30.76616859436035 26
1741582680275 30.205093383789062 27
1741582680738 31.127521514892578 28
1741582681205 29.808576583862305 29
1741582681687 29.91870880126953 30
1741582682156 29.477632522583008 31
1741582682654 30.114089965820312 32
1741582683121 30.185771942138672 33
1741582683590 29.851619720458984 34
