1741582668122 0.7955390810966492 0
1741582668539 0.6536369919776917 1
1741582668972 0.5671659708023071 2
1741582669425 0.48181667923927307 3
1741582669876 0.40491703152656555 4
1741582670316 0.3194292187690735 5
1741582670738 0.24827685952186584 6
1741582671191 0.2160184383392334 7
1741582671624 0.18858395516872406 8
1741582672055 0.17815685272216797 9
1741582672499 0.16852818429470062 10
1741582672928 0.16527129709720612 11
1741582673376 0.15321213006973267 12
1741582673811 0.15077029168605804 13
1741582674243 0.14563773572444916 14
1741582674700 0.1411808878183365 15
1741582675155 0.13667385280132294 16
1741582675626 0.13990654051303864 17
1741582676072 0.1312790811061859 18
1741582676570 0.12977398931980133 19
1741582677035 0.12690405547618866 20
1741582677490 0.1272268444299698 21
1741582677954 0.1255718469619751 22
1741582678404 0.11715143173933029 23
1741582678877 0.1191178560256958 24
1741582679321 0.11476171761751175 25
1741582679807 0.1142759695649147 26
1741582680275 0.11050937324762344 27
1741582680738 0.10856032371520996 28
1741582681205 0.10834570974111557 29
1741582681687 0.10806698352098465 30
1741582682156 0.10571121424436569 31
1741582682654 0.10400395095348358 32
1741582683121 0.10245142877101898 33
1741582683590 0.10677780956029892 34
