1741578723224 0.7297739386558533 0
1741578723622 0.7259615659713745 1
1741578724038 0.7261908650398254 2
1741578724450 0.7259347438812256 3
1741578724888 0.7249606847763062 4
1741578725304 0.7273580431938171 5
1741578725721 0.7261458039283752 6
1741578726120 0.7265235185623169 7
1741578726534 0.7262783050537109 8
1741578726923 0.7264107465744019 9
1741578727328 0.7260112762451172 10
1741578727739 0.7265426516532898 11
1741578728150 0.7262274622917175 12
1741578728554 0.7268655896186829 13
1741578728958 0.7264721989631653 14
1741578729354 0.7264423370361328 15
1741578729772 0.7268614172935486 16
1741578730187 0.7265798449516296 17
1741578730603 0.7266838550567627 18
1741578731021 0.72628253698349 19
1741578731435 0.7268922924995422 20
1741578731855 0.7264448404312134 21
1741578732260 0.7263821363449097 22
1741578732668 0.7265632748603821 23
1741578733085 0.7274794578552246 24
1741578733496 0.72635418176651 25
1741578733931 0.7266054153442383 26
1741578734340 0.7269371747970581 27
1741578734764 0.7268115282058716 28
1741578735182 0.7269521355628967 29
