1741580564075 503984.40625 0
1741580564577 77071.765625 1
1741580565125 49538.203125 2
1741580565625 34647.21875 3
1741580566124 32236.865234375 4
1741580566605 22728.162109375 5
1741580567103 15059.3984375 6
1741580567592 27171.646484375 7
1741580568080 15315.45703125 8
1741580568575 27082.185546875 9
1741580569102 16778.25 10
1741580569606 8958.2080078125 11
1741580570108 22835.30078125 12
1741580570629 21960.6328125 13
1741580571127 11776.6787109375 14
1741580571623 13739.9677734375 15
1741580572123 18171.859375 16
1741580572623 12967.26171875 17
1741580573109 13385.2412109375 18
1741580573609 8797.375 19
1741580574108 18985.84765625 20
1741580574609 8386.962890625 21
1741580575110 8864.59765625 22
1741580575608 13112.1708984375 23
1741580576106 14985.9091796875 24
1741580576612 15272.693359375 25
1741580577125 5782.59423828125 26
1741580577610 4525.69580078125 27
1741580578108 11052.4912109375 28
1741580578626 8845.048828125 29
1741580579125 15677.45703125 30
1741580579626 15170.37890625 31
1741580580147 13417.587890625 32
1741580580658 9446.6787109375 33
1741580581159 4444.32177734375 34
1741580581659 7652.9716796875 35
1741580582160 6585.2763671875 36
1741580582656 8937.8193359375 37
1741580583157 14633.2060546875 38
1741580583671 7024.64990234375 39
1741580584217 7020.083984375 40
1741580584794 7692.14306640625 41
1741580585349 8793.4873046875 42
1741580585896 8375.5263671875 43
1741580586432 23745.8125 44
1741580586969 11906.9248046875 45
1741580587524 4194.68896484375 46
1741580588058 5707.6728515625 47
1741580588605 9797.2958984375 48
1741580589145 6413.78466796875 49
1741580589675 6299.7890625 50
1741580590207 7377.02294921875 51
1741580590725 10429.8896484375 52
1741580591257 16109.3876953125 53
1741580591799 7422.5859375 54
1741580592323 6880.56005859375 55
1741580592857 7642.4677734375 56
1741580593373 8186.37548828125 57
1741580593923 7687.9892578125 58
1741580594477 15985.8388671875 59
1741580595045 10837.7255859375 60
1741580595590 7577.64208984375 61
1741580596136 6116.89599609375 62
1741580596670 4464.83984375 63
1741580597204 13477.921875 64
1741580597755 11246.796875 65
1741580598311 4352.13671875 66
1741580598841 4214.623046875 67
1741580599377 8768.0166015625 68
1741580599917 11492.59765625 69
1741580600473 10967.09375 70
1741580601072 13954.2890625 71
1741580601605 7725.0224609375 72
1741580602138 4273.412109375 73
1741580602680 7662.16748046875 74
1741580603209 7156.19091796875 75
1741580603760 7180.177734375 76
1741580604319 4937.7890625 77
1741580604860 7011.19775390625 78
1741580605395 4179.70361328125 79
1741580605930 3359.785400390625 80
1741580606469 8209.146484375 81
1741580607005 4487.06787109375 82
1741580607574 5515.6376953125 83
1741580608128 4966.53173828125 84
1741580608658 6279.7666015625 85
1741580609208 4076.205322265625 86
1741580609756 4244.52490234375 87
1741580610282 6577.134765625 88
1741580610826 3692.5546875 89
1741580611358 9795.5380859375 90
1741580611923 21459.658203125 91
1741580612479 6612.05859375 92
1741580613018 4610.404296875 93
1741580613554 7635.1923828125 94
1741580614089 5881.68994140625 95
1741580614622 4550.96484375 96
1741580615153 5960.67919921875 97
1741580615704 2315.9072265625 98
1741580616272 7190.1513671875 99
