1741579857838 0.2454131841659546 0
1741579858139 0.08220425248146057 1
1741579858438 0.062356386333703995 2
1741579858732 0.053787149488925934 3
1741579859033 0.04833962395787239 4
1741579859332 0.044387299567461014 5
1741579859633 0.041582584381103516 6
1741579859938 0.0395122729241848 7
1741579860231 0.03675490990281105 8
1741579860531 0.0350482314825058 9
1741579860815 0.03372912481427193 10
1741579861117 0.0323563851416111 11
1741579861415 0.031261615455150604 12
1741579861719 0.03120257519185543 13
1741579862024 0.03059082292020321 14
1741579862314 0.02932637929916382 15
1741579862631 0.028445923700928688 16
1741579862942 0.027236677706241608 17
1741579863263 0.026554297655820847 18
1741579863570 0.025557702407240868 19
1741579863870 0.02457783930003643 20
1741579864170 0.023461541160941124 21
1741579864465 0.022622868418693542 22
1741579864754 0.023340512067079544 23
1741579865054 0.023193588480353355 24
1741579865348 0.02040865272283554 25
1741579865650 0.019642269238829613 26
1741579865936 0.018934696912765503 27
1741579866228 0.021277444437146187 28
1741579866519 0.018109848722815514 29
1741579866816 0.01671638898551464 30
1741579867121 0.01553385704755783 31
1741579867420 0.014869815669953823 32
1741579867714 0.014344151131808758 33
1741579868016 0.013883782550692558 34
1741579868300 0.014364783652126789 35
1741579868616 0.01324919331818819 36
1741579868910 0.012285127304494381 37
1741579869214 0.011735419742763042 38
1741579869504 0.01135951653122902 39
1741579869796 0.011145462282001972 40
1741579870097 0.0108443982899189 41
1741579870394 0.01026985514909029 42
1741579870700 0.010244399309158325 43
1741579871003 0.014056827872991562 44
1741579871314 0.01040179654955864 45
1741579871621 0.010404925793409348 46
1741579871946 0.009730310179293156 47
1741579872231 0.009199944324791431 48
1741579872530 0.008718034252524376 49
1741579872833 0.008487958461046219 50
1741579873149 0.00825174804776907 51
1741579873466 0.008185422979295254 52
1741579873777 0.008278217166662216 53
1741579874095 0.00816342979669571 54
1741579874402 0.008690016344189644 55
1741579874746 0.008400942198932171 56
1741579875116 0.007969054393470287 57
1741579875464 0.007708409335464239 58
1741579875781 0.007560378406196833 59
1741579876103 0.007569842506200075 60
1741579876435 0.007811901159584522 61
1741579876749 0.0075939553789794445 62
1741579877086 0.007419994100928307 63
1741579877408 0.007316203322261572 64
1741579877713 0.007232366595417261 65
1741579878049 0.007495418656617403 66
1741579878370 0.007137603126466274 67
1741579878714 0.007210105657577515 68
1741579879049 0.007703910116106272 69
1741579879391 0.006779308896511793 70
1741579879721 0.0067398035898804665 71
1741579880042 0.006577405147254467 72
1741579880378 0.006525466684252024 73
1741579880696 0.0065087368711829185 74
1741579881012 0.0067177810706198215 75
1741579881339 0.006443702150136232 76
1741579881653 0.00638930406421423 77
1741579881950 0.00641232542693615 78
1741579882268 0.006868594326078892 79
1741579882577 0.006689388770610094 80
1741579882892 0.006304159760475159 81
1741579883202 0.0061238300986588 82
1741579883514 0.006155515089631081 83
1741579883819 0.005995573475956917 84
1741579884134 0.005893783178180456 85
1741579884451 0.005872408393770456 86
1741579884762 0.005803072825074196 87
1741579885085 0.00584263913333416 88
1741579885403 0.00579079519957304 89
1741579885728 0.005719863809645176 90
1741579886028 0.005671392660588026 91
1741579886350 0.005523861385881901 92
1741579886687 0.005576687399297953 93
1741579887019 0.00558742880821228 94
1741579887356 0.005502690561115742 95
1741579887699 0.005519387777894735 96
1741579888012 0.006328932009637356 97
1741579888329 0.007480391766875982 98
1741579888679 0.006369819864630699 99
