1741582364467 0.8203657269477844 0
1741582364892 0.8641270995140076 1
1741582365309 0.7003147602081299 2
1741582365746 0.6826464533805847 3
1741582366179 0.651961088180542 4
1741582366630 0.6071570515632629 5
1741582367059 0.5894181728363037 6
1741582367490 0.5573671460151672 7
1741582367909 0.549087405204773 8
1741582368333 0.5124112367630005 9
1741582368761 0.4911251962184906 10
1741582369182 0.4936399459838867 11
1741582369615 0.44769424200057983 12
1741582370042 0.580032467842102 13
1741582370477 0.4696199297904968 14
1741582370907 0.4411933720111847 15
