1741582569231 0.7035738229751587 0
1741582569633 0.5831403732299805 1
1741582570050 0.529574990272522 2
1741582570482 0.4509102702140808 3
1741582570923 0.3769804835319519 4
1741582571344 0.3030538260936737 5
1741582571759 0.24257424473762512 6
1741582572164 0.2018183022737503 7
1741582572599 0.17218512296676636 8
1741582573016 0.14963987469673157 9
1741582573434 0.1379486620426178 10
1741582573849 0.12812113761901855 11
1741582574264 0.12059549242258072 12
1741582574714 0.1151428371667862 13
1741582575181 0.11158450692892075 14
1741582575657 0.10814134031534195 15
1741582576114 0.10372728854417801 16
1741582576578 0.10035734623670578 17
1741582577017 0.09790629893541336 18
1741582577447 0.0948379710316658 19
1741582577893 0.09299103915691376 20
1741582578365 0.0914452001452446 21
1741582578837 0.09041213989257812 22
1741582579303 0.08784136921167374 23
1741582579748 0.08502762764692307 24
1741582580197 0.08298293501138687 25
1741582580638 0.08187851309776306 26
1741582581098 0.08015863597393036 27
1741582581545 0.07899916172027588 28
