1741578620810 9803.62890625 0
1741578621251 3283.193359375 1
1741578621680 1998.557861328125 2
1741578622093 3912.4814453125 3
1741578622510 3185.773193359375 4
1741578622921 2519.841552734375 5
1741578623340 1884.6043701171875 6
1741578623759 1168.32763671875 7
1741578624176 1448.624267578125 8
1741578624595 1609.90673828125 9
1741578625022 1296.1126708984375 10
1741578625465 1058.5428466796875 11
1741578625987 1268.468505859375 12
1741578626508 1371.847412109375 13
1741578627030 1099.3231201171875 14
1741578627558 1274.2991943359375 15
1741578628079 753.5096435546875 16
1741578628614 557.5341186523438 17
1741578629163 1521.9659423828125 18
1741578629696 1230.5107421875 19
1741578630225 1156.266845703125 20
1741578630766 784.0553588867188 21
1741578631295 723.9716186523438 22
1741578631812 631.5900268554688 23
1741578632348 448.5026550292969 24
1741578632893 450.8028869628906 25
1741578633431 642.0908203125 26
1741578633967 825.0132446289062 27
1741578634496 750.6123046875 28
1741578635011 479.1107177734375 29
