1741578620810 0.7258847951889038 0
1741578621251 0.7260542511940002 1
1741578621680 0.7265554070472717 2
1741578622093 0.7255703806877136 3
1741578622510 0.726302981376648 4
1741578622921 0.7274413108825684 5
1741578623340 0.726475715637207 6
1741578623759 0.7269093990325928 7
1741578624176 0.7263873219490051 8
1741578624595 0.7270220518112183 9
1741578625022 0.7268148064613342 10
1741578625465 0.7269771695137024 11
1741578625987 0.7267675399780273 12
1741578626508 0.7271685600280762 13
1741578627030 0.7266757488250732 14
1741578627558 0.7272030115127563 15
1741578628079 0.7268692255020142 16
1741578628614 0.7269152998924255 17
1741578629163 0.7267570495605469 18
1741578629696 0.7272521257400513 19
1741578630225 0.7271768450737 20
1741578630766 0.7269979119300842 21
1741578631295 0.7269904017448425 22
1741578631812 0.7270238995552063 23
1741578632348 0.7269003987312317 24
1741578632893 0.7270064353942871 25
1741578633431 0.7269122004508972 26
1741578633967 0.7269881367683411 27
1741578634496 0.7270668148994446 28
1741578635011 0.7269874215126038 29
