1741577345499 1661.2857666015625 0
1741577345917 600.9267578125 1
1741577346342 772.8812255859375 2
1741577346774 518.58251953125 3
1741577347205 381.6706848144531 4
1741577347622 597.0107421875 5
1741577348033 625.1702880859375 6
1741577348447 556.46044921875 7
1741577348866 322.728759765625 8
1741577349280 282.7635498046875 9
1741577349704 407.6165771484375 10
1741577350114 597.4854125976562 11
1741577350549 620.0254516601562 12
1741577350991 425.1544189453125 13
1741577351418 335.2547302246094 14
1741577351836 429.53741455078125 15
1741577352246 401.7921447753906 16
1741577352662 385.2759704589844 17
1741577353074 332.3620300292969 18
1741577353480 254.63063049316406 19
1741577353897 265.5920715332031 20
1741577354314 398.88897705078125 21
1741577354732 416.21014404296875 22
1741577355165 427.7769775390625 23
1741577355592 347.1957702636719 24
1741577356013 270.2752685546875 25
1741577356429 407.58404541015625 26
1741577356845 252.90423583984375 27
1741577357249 440.9471130371094 28
1741577357681 369.1130065917969 29
1741577358080 251.0337677001953 30
1741577358512 571.3946533203125 31
1741577358930 561.9966430664062 32
1741577359363 275.2220458984375 33
1741577359796 273.75738525390625 34
1741577360213 279.2250061035156 35
1741577360631 320.1871032714844 36
1741577361049 564.2531127929688 37
1741577361465 380.3194580078125 38
1741577361898 413.1728515625 39
1741577362313 267.389404296875 40
1741577362730 271.2615661621094 41
1741577363130 379.4582824707031 42
1741577363556 779.1588745117188 43
1741577363963 579.6871337890625 44
1741577364393 256.442626953125 45
1741577364803 476.13421630859375 46
1741577365218 534.26611328125 47
1741577365631 212.3075408935547 48
1741577366050 267.68927001953125 49
1741577366465 413.3155822753906 50
1741577366886 298.1126403808594 51
1741577367348 181.96212768554688 52
1741577367782 300.3830871582031 53
1741577368230 260.3717956542969 54
1741577368673 309.10394287109375 55
1741577369118 243.31858825683594 56
1741577369565 466.2272033691406 57
1741577370014 477.0896301269531 58
1741577370465 440.1635437011719 59
1741577370911 428.7712097167969 60
1741577371346 369.515625 61
1741577371789 290.37109375 62
1741577372246 499.74365234375 63
1741577372692 537.6040649414062 64
1741577373126 436.03912353515625 65
1741577373583 258.6619567871094 66
1741577374013 220.95281982421875 67
1741577374447 193.5016632080078 68
1741577374894 221.8559112548828 69
1741577375329 216.51870727539062 70
1741577375763 283.4965515136719 71
1741577376196 216.85255432128906 72
1741577376664 231.8613739013672 73
1741577377107 269.1863708496094 74
1741577377563 236.71511840820312 75
1741577378015 316.6636657714844 76
1741577378446 374.34881591796875 77
1741577378896 431.1302795410156 78
1741577379362 406.40380859375 79
1741577379851 309.5439758300781 80
1741577380296 502.4338073730469 81
1741577380747 252.31813049316406 82
1741577381188 213.926513671875 83
1741577381629 270.79779052734375 84
1741577382086 288.1597900390625 85
1741577382529 174.39007568359375 86
1741577382996 224.77828979492188 87
1741577383463 311.21240234375 88
1741577383929 335.9252014160156 89
1741577384380 341.11920166015625 90
1741577384831 303.74700927734375 91
1741577385312 369.06915283203125 92
1741577385752 258.705810546875 93
1741577386212 395.3434143066406 94
1741577386678 445.675537109375 95
1741577387112 212.78733825683594 96
1741577387562 340.54241943359375 97
1741577388029 409.2976379394531 98
1741577388491 383.5819091796875 99
