1741580169016 9817259245568.0 0
1741580169370 11127612243968.0 1
1741580169718 11061184954368.0 2
1741580170049 13264774758400.0 3
1741580170366 12408728846336.0 4
1741580170719 11064580243456.0 5
1741580171062 11731694780416.0 6
1741580171391 11468724502528.0 7
1741580171713 11673018564608.0 8
1741580172053 12084841545728.0 9
1741580172386 11708323069952.0 10
1741580172719 11031969529856.0 11
1741580173069 12708662476800.0 12
1741580173399 11129813204992.0 13
1741580173753 11364716249088.0 14
1741580174086 11432652439552.0 15
1741580174419 11124496924672.0 16
1741580174763 11454375788544.0 17
1741580175112 11519861456896.0 18
1741580175445 12288478150656.0 19
1741580175778 11344321445888.0 20
1741580176101 11737946390528.0 21
1741580176430 12136952627200.0 22
1741580176770 12234560372736.0 23
1741580177103 11710706483200.0 24
1741580177465 11565467172864.0 25
1741580177811 11299007234048.0 26
1741580178146 13105809588224.0 27
1741580178485 11684800364544.0 28
1741580178820 12047607660544.0 29
1741580179147 11555278159872.0 30
1741580179469 11220884127744.0 31
1741580179798 12448781303808.0 32
1741580180129 12029404381184.0 33
1741580180463 11482690486272.0 34
1741580180798 11619348250624.0 35
1741580181129 11433542680576.0 36
1741580181463 11978765500416.0 37
1741580181815 12216839438336.0 38
1741580182154 11691701043200.0 39
1741580182491 11639032119296.0 40
1741580182830 11599021604864.0 41
1741580183177 11557571395584.0 42
1741580183515 11862272901120.0 43
1741580183853 11771966390272.0 44
1741580184196 11814628753408.0 45
1741580184556 12104955330560.0 46
1741580184913 11750834438144.0 47
1741580185295 11233860255744.0 48
1741580185663 11730363088896.0 49
1741580186046 11907593404416.0 50
1741580186422 11850771070976.0 51
1741580186780 11867707670528.0 52
1741580187146 11646506369024.0 53
1741580187496 11918425194496.0 54
1741580187863 11870682480640.0 55
1741580188217 12099762782208.0 56
1741580188566 10733805895680.0 57
1741580188963 11281845190656.0 58
1741580189346 12060000780288.0 59
1741580189725 11585963687936.0 60
1741580190096 11353482854400.0 61
1741580190473 11480230526976.0 62
1741580190829 11346587418624.0 63
1741580191198 12179946340352.0 64
1741580191546 12517866733568.0 65
1741580191896 13070591066112.0 66
1741580192246 11921074946048.0 67
1741580192624 12829598941184.0 68
1741580192996 12634535493632.0 69
1741580193381 12261116608512.0 70
1741580193746 11301872992256.0 71
1741580194165 11746371698688.0 72
1741580194531 11244057657344.0 73
1741580194880 13817715097600.0 74
1741580195247 12193173078016.0 75
1741580195596 11603431915520.0 76
1741580195998 11824279846912.0 77
1741580196363 11381412724736.0 78
1741580196744 11626303455232.0 79
1741580197141 11849320890368.0 80
1741580197515 11645103374336.0 81
1741580197882 11164918480896.0 82
1741580198245 12094876418048.0 83
1741580198598 12862213849088.0 84
1741580198984 11417720717312.0 85
1741580199366 12374245376000.0 86
1741580199730 11105016479744.0 87
1741580200088 10581602992128.0 88
1741580200533 13690996785152.0 89
1741580200917 11449083625472.0 90
1741580201314 11318998335488.0 91
1741580201687 11869072916480.0 92
1741580202045 12347309555712.0 93
1741580202412 12417586167808.0 94
1741580202763 11088288546816.0 95
1741580203127 12021740339200.0 96
1741580203497 12425876209664.0 97
1741580203864 11337341075456.0 98
1741580204262 11756615237632.0 99
