1741580169016 9817259245568.0 0
1741580169370 11127612243968.0 1
1741580169718 11061186002944.0 2
1741580170049 13264775806976.0 3
1741580170366 12408730943488.0 4
1741580170719 11064581292032.0 5
1741580171062 11731696877568.0 6
1741580171391 11468724502528.0 7
1741580171713 11673017516032.0 8
1741580172053 12084842594304.0 9
1741580172386 11708324118528.0 10
1741580172719 11031970578432.0 11
1741580173069 12708662476800.0 12
1741580173399 11129814253568.0 13
1741580173753 11364716249088.0 14
1741580174086 11432652439552.0 15
1741580174419 11124497973248.0 16
1741580174763 11454375788544.0 17
1741580175112 11519861456896.0 18
1741580175445 12288479199232.0 19
1741580175778 11344321445888.0 20
1741580176101 11737946390528.0 21
1741580176430 12136951578624.0 22
1741580176770 12234561421312.0 23
1741580177103 11710707531776.0 24
1741580177465 11565466124288.0 25
1741580177811 11299006185472.0 26
1741580178146 13105810636800.0 27
1741580178485 11684801413120.0 28
1741580178820 12047608709120.0 29
1741580179147 11555278159872.0 30
1741580179469 11220884127744.0 31
1741580179798 12448781303808.0 32
1741580180129 12029404381184.0 33
1741580180463 11482690486272.0 34
1741580180798 11619349299200.0 35
1741580181129 11433542680576.0 36
1741580181463 11978765500416.0 37
1741580181815 12216840486912.0 38
1741580182154 11691703140352.0 39
1741580182491 11639033167872.0 40
1741580182830 11599021604864.0 41
1741580183177 11557572444160.0 42
1741580183515 11862273949696.0 43
1741580183853 11771964293120.0 44
1741580184196 11814630850560.0 45
1741580184556 12104955330560.0 46
1741580184913 11750834438144.0 47
1741580185295 11233861304320.0 48
1741580185663 11730363088896.0 49
1741580186046 11907594452992.0 50
1741580186422 11850773168128.0 51
1741580186780 11867706621952.0 52
1741580187146 11646507417600.0 53
1741580187496 11918425194496.0 54
1741580187863 11870682480640.0 55
1741580188217 12099763830784.0 56
1741580188566 10733804847104.0 57
1741580188963 11281846239232.0 58
1741580189346 12060001828864.0 59
1741580189725 11585963687936.0 60
1741580190096 11353483902976.0 61
1741580190473 11480231575552.0 62
1741580190829 11346587418624.0 63
1741580191198 12179945291776.0 64
1741580191546 12517866733568.0 65
1741580191896 13070591066112.0 66
1741580192246 11921074946048.0 67
1741580192624 12829598941184.0 68
1741580192996 12634535493632.0 69
1741580193381 12261116608512.0 70
1741580193746 11301874040832.0 71
1741580194165 11746371698688.0 72
1741580194531 11244057657344.0 73
1741580194880 13817716146176.0 74
1741580195247 12193173078016.0 75
1741580195596 11603432964096.0 76
1741580195998 11824280895488.0 77
1741580196363 11381413773312.0 78
1741580196744 11626303455232.0 79
1741580197141 11849321938944.0 80
1741580197515 11645102325760.0 81
1741580197882 11164918480896.0 82
1741580198245 12094877466624.0 83
1741580198598 12862213849088.0 84
1741580198984 11417721765888.0 85
1741580199366 12374246424576.0 86
1741580199730 11105014382592.0 87
1741580200088 10581606137856.0 88
1741580200533 13690996785152.0 89
1741580200917 11449085722624.0 90
1741580201314 11318998335488.0 91
1741580201687 11869071867904.0 92
1741580202045 12347309555712.0 93
1741580202412 12417585119232.0 94
1741580202763 11088289595392.0 95
1741580203127 12021740339200.0 96
1741580203497 12425876209664.0 97
1741580203864 11337341075456.0 98
1741580204262 11756615237632.0 99
