1741579788962 11289068.0 0
1741579789274 12796240.0 1
1741579789587 12660149.0 2
1741579789883 12753644.0 3
1741579790169 12759322.0 4
1741579790475 12794967.0 5
1741579790771 12841033.0 6
1741579791073 12857783.0 7
1741579791388 12853967.0 8
1741579791691 12823847.0 9
1741579792067 12802726.0 10
1741579792457 12799332.0 11
1741579792855 12768519.0 12
1741579793243 12743022.0 13
1741579793618 12674373.0 14
1741579793981 12810865.0 15
1741579794371 12643469.0 16
1741579794742 12675433.0 17
1741579795114 12507215.0 18
1741579795489 12441606.0 19
1741579795873 12321534.0 20
1741579796253 12232475.0 21
1741579796631 12114937.0 22
1741579797019 11967647.0 23
1741579797414 11846464.0 24
1741579797787 11998004.0 25
1741579798175 12654880.0 26
1741579798568 12339970.0 27
1741579798951 12131293.0 28
1741579799338 11853292.0 29
1741579799719 11629414.0 30
1741579800097 11380463.0 31
1741579800470 11184807.0 32
1741579800856 11000114.0 33
1741579801240 10769008.0 34
1741579801622 10479202.0 35
1741579801996 10254229.0 36
1741579802381 10192367.0 37
1741579802753 9862943.0 38
1741579803136 9535492.0 39
1741579803509 9341802.0 40
1741579803887 9051494.0 41
1741579804276 8830789.0 42
1741579804662 8607165.0 43
1741579805052 8403398.0 44
1741579805458 8159285.5 45
1741579805865 7926846.0 46
1741579806250 7726980.5 47
1741579806699 7667557.5 48
1741579807121 7488115.0 49
1741579807519 7386537.5 50
1741579807921 7326820.0 51
1741579808318 7215085.0 52
1741579808795 7217901.0 53
1741579809238 7043837.5 54
1741579809666 6983587.0 55
1741579810086 6946333.0 56
1741579810481 7019312.0 57
1741579810876 6962006.5 58
1741579811255 6873869.5 59
1741579811663 6784505.0 60
1741579812062 6779317.0 61
1741579812475 6730269.0 62
1741579812892 6678519.5 63
1741579813311 6687604.5 64
1741579813687 6763131.0 65
1741579814035 6638421.0 66
1741579814416 6583720.0 67
1741579814769 6569332.5 68
1741579815118 6525040.5 69
1741579815459 6471733.0 70
1741579815785 6475073.0 71
1741579816103 6450840.0 72
1741579816423 6432270.0 73
1741579816782 6407512.0 74
1741579817110 6354490.5 75
1741579817434 6339994.0 76
1741579817766 6325408.5 77
1741579818120 6319309.0 78
1741579818458 6249558.5 79
1741579818799 6235283.5 80
1741579819116 6269346.5 81
1741579819439 6261911.0 82
1741579819756 6190079.0 83
1741579820074 6126430.5 84
1741579820431 6099947.0 85
1741579820751 6133189.5 86
1741579821068 6031618.0 87
1741579821406 5997201.5 88
1741579821728 6004004.5 89
1741579822049 5978012.5 90
1741579822367 5890453.0 91
1741579822692 5874644.5 92
1741579823019 5852174.0 93
1741579823363 5815162.5 94
1741579823685 5743676.0 95
1741579823998 5691603.0 96
1741579824330 5661038.5 97
1741579824663 5674637.5 98
1741579824989 5653665.5 99
