1741579123085 13979.6171875 0
1741579123495 6602.50244140625 1
1741579123917 2744.957275390625 2
1741579124328 2287.877197265625 3
1741579124794 1700.158447265625 4
1741579125271 1673.0294189453125 5
1741579125696 1637.807861328125 6
1741579126120 777.252197265625 7
1741579126534 497.0934143066406 8
1741579126946 658.4874877929688 9
1741579127357 570.6878662109375 10
1741579127759 630.0551147460938 11
1741579128176 812.5368041992188 12
1741579128592 1095.1416015625 13
1741579128991 947.6243286132812 14
1741579129411 929.6767578125 15
1741579129848 971.2012329101562 16
1741579130271 907.1639404296875 17
1741579130700 637.0592651367188 18
1741579131118 469.2536926269531 19
1741579131515 465.197265625 20
1741579131927 443.77264404296875 21
1741579132338 438.165771484375 22
1741579132749 420.5185546875 23
1741579133162 552.21240234375 24
1741579133592 449.7760009765625 25
1741579134010 517.7040405273438 26
1741579134442 408.2987365722656 27
1741579134855 327.5583190917969 28
1741579135268 463.7139892578125 29
