1741579123085 0.7270703911781311 0
1741579123495 0.7276555299758911 1
1741579123917 0.7273334860801697 2
1741579124328 0.7273188233375549 3
1741579124794 0.7268308401107788 4
1741579125271 0.7269443869590759 5
1741579125696 0.7268317937850952 6
1741579126120 0.7270008325576782 7
1741579126534 0.7269291877746582 8
1741579126946 0.7267638444900513 9
1741579127357 0.7268153429031372 10
1741579127759 0.7269255518913269 11
1741579128176 0.7268722057342529 12
1741579128592 0.7270379066467285 13
1741579128991 0.7272060513496399 14
1741579129411 0.7270592451095581 15
1741579129848 0.7268061637878418 16
1741579130271 0.7270703315734863 17
1741579130700 0.727029025554657 18
1741579131118 0.7269961833953857 19
1741579131515 0.7269752025604248 20
1741579131927 0.7269811630249023 21
1741579132338 0.7270590662956238 22
1741579132749 0.7270570397377014 23
1741579133162 0.7270060181617737 24
1741579133592 0.7270971536636353 25
1741579134010 0.7270236611366272 26
1741579134442 0.727011501789093 27
1741579134855 0.7270102500915527 28
1741579135268 0.7271047234535217 29
