1741577419708 0.728831946849823 0
1741577420122 0.730585515499115 1
1741577420543 0.7272922992706299 2
1741577420968 0.7280380725860596 3
1741577421392 0.7268986105918884 4
1741577421824 0.728152334690094 5
1741577422242 0.7273045182228088 6
1741577422643 0.7271010875701904 7
1741577423082 0.7273388504981995 8
1741577423508 0.7272857427597046 9
1741577423926 0.727340817451477 10
1741577424346 0.7274669408798218 11
1741577424764 0.7268868088722229 12
1741577425176 0.7272369861602783 13
1741577425599 0.7274158000946045 14
1741577426015 0.7273487448692322 15
1741577426434 0.72701495885849 16
1741577426859 0.7272342443466187 17
1741577427275 0.7270468473434448 18
1741577427691 0.7271804809570312 19
1741577428108 0.7270958423614502 20
1741577428544 0.7268399596214294 21
1741577428961 0.7272709608078003 22
1741577429378 0.7270575761795044 23
1741577429794 0.7271802425384521 24
1741577430209 0.7269231081008911 25
1741577430636 0.7273158431053162 26
1741577431052 0.7269516587257385 27
1741577431461 0.7270456552505493 28
1741577431910 0.7271284461021423 29
1741577432373 0.7270519137382507 30
1741577432842 0.727138876914978 31
1741577433308 0.7270355820655823 32
1741577433758 0.7270435094833374 33
1741577434210 0.7270190119743347 34
1741577434642 0.7270282506942749 35
1741577435109 0.7270081043243408 36
1741577435560 0.727171003818512 37
1741577435991 0.726972758769989 38
1741577436458 0.7270474433898926 39
1741577436892 0.7270660996437073 40
1741577437360 0.7270885705947876 41
1741577437809 0.7270236015319824 42
1741577438258 0.7269754409790039 43
1741577438718 0.7268631458282471 44
1741577439195 0.727189302444458 45
1741577439681 0.7270157337188721 46
1741577440158 0.7270668148994446 47
1741577440630 0.7270590662956238 48
1741577441091 0.7270334362983704 49
