1741577419708 1.0024954080581665 0
1741577420122 1.0034929513931274 1
1741577420543 1.000258207321167 2
1741577420968 1.0002331733703613 3
1741577421392 0.9980772733688354 4
1741577421824 1.0043014287948608 5
1741577422242 1.000028371810913 6
1741577422643 0.9994567632675171 7
1741577423082 0.9999139904975891 8
1741577423508 0.9998472332954407 9
1741577423926 0.9999088048934937 10
1741577424346 1.000311255455017 11
1741577424764 0.9990987181663513 12
1741577425176 0.9995921850204468 13
1741577425599 0.9998671412467957 14
1741577426015 0.99970543384552 15
1741577426434 0.9989340305328369 16
1741577426859 0.9994643926620483 17
1741577427275 0.9988018274307251 18
1741577427691 0.9995875954627991 19
1741577428108 0.99931800365448 20
1741577428544 0.9994611740112305 21
1741577428961 0.9996901154518127 22
1741577429378 0.9992184638977051 23
1741577429794 0.9992486238479614 24
1741577430209 0.9989238381385803 25
1741577430636 0.9995903968811035 26
1741577431052 0.998859703540802 27
1741577431461 0.9988610148429871 28
1741577431910 0.9990628957748413 29
1741577432373 0.9992676973342896 30
1741577432842 0.9994713664054871 31
1741577433308 0.9990779161453247 32
1741577433758 0.9990714192390442 33
1741577434210 0.9989445805549622 34
1741577434642 0.9991105794906616 35
1741577435109 0.9990043044090271 36
1741577435560 0.9992891550064087 37
1741577435991 0.9985867142677307 38
1741577436458 0.9989751577377319 39
1741577436892 0.9990567564964294 40
1741577437360 0.9989902973175049 41
1741577437809 0.9990363121032715 42
1741577438258 0.9988835453987122 43
1741577438718 0.9989141225814819 44
1741577439195 0.9993034601211548 45
1741577439681 0.9989442825317383 46
1741577440158 0.9989882111549377 47
1741577440630 0.9990718960762024 48
1741577441091 0.9989168643951416 49
