1741582898006 0.8872478008270264 0
1741582898296 0.7070437669754028 1
1741582898578 0.6342132091522217 2
1741582898859 0.5793489217758179 3
1741582899145 0.5273639559745789 4
1741582899417 0.4806995689868927 5
1741582899685 0.4361058175563812 6
1741582900011 0.4047756791114807 7
1741582900300 0.38377419114112854 8
1741582900564 0.3713696599006653 9
1741582900854 0.36257272958755493 10
1741582901122 0.35588520765304565 11
1741582901403 0.35092636942863464 12
1741582901687 0.3472577929496765 13
1741582902011 0.344054251909256 14
1741582902308 0.3414657711982727 15
1741582902602 0.339049369096756 16
