1741582446246 102.73307800292969 0
1741582446662 82.65676879882812 1
1741582447074 71.01375579833984 2
1741582447490 63.82500076293945 3
1741582447912 59.899993896484375 4
1741582448324 57.768550872802734 5
1741582448742 55.509422302246094 6
1741582449172 53.626888275146484 7
1741582449604 52.47160339355469 8
1741582450029 51.329734802246094 9
1741582450447 50.982547760009766 10
1741582450889 49.851932525634766 11
1741582451324 49.0839729309082 12
1741582451756 48.69404602050781 13
1741582452212 47.806617736816406 14
1741582452657 47.327308654785156 15
1741582453094 46.82456970214844 16
1741582453523 46.1577262878418 17
1741582453962 46.08928298950195 18
1741582454408 45.05656814575195 19
1741582454842 44.43190383911133 20
1741582455292 43.842247009277344 21
1741582455734 43.481788635253906 22
1741582456195 43.14765548706055 23
1741582456638 42.75969696044922 24
1741582457075 42.07759094238281 25
1741582457521 41.65339279174805 26
1741582457955 41.36848068237305 27
1741582458390 41.17072677612305 28
1741582458841 41.0898551940918 29
1741582459271 40.6387939453125 30
1741582459704 40.1833610534668 31
1741582460156 39.811187744140625 32
1741582460641 39.7033805847168 33
1741582461095 39.8427734375 34
1741582461557 39.02142333984375 35
1741582462040 38.67372512817383 36
1741582462494 38.31492614746094 37
1741582462946 37.9793586730957 38
1741582463388 38.11155700683594 39
1741582463838 37.344547271728516 40
1741582464291 37.1840934753418 41
1741582464759 37.39206314086914 42
1741582465243 36.79594802856445 43
1741582465748 37.21589660644531 44
1741582466189 36.4160270690918 45
1741582466622 35.43991470336914 46
1741582467055 35.32944869995117 47
1741582467539 34.88188171386719 48
1741582467989 34.55449676513672 49
1741582468446 34.19633483886719 50
1741582468882 33.91026306152344 51
1741582469330 33.800350189208984 52
1741582469786 33.54277038574219 53
1741582470228 33.423892974853516 54
1741582470669 33.06682586669922 55
1741582471122 32.93262481689453 56
1741582471565 32.590248107910156 57
1741582472009 32.46630859375 58
1741582472446 32.34835433959961 59
1741582472922 32.37129211425781 60
1741582473395 32.122432708740234 61
1741582473872 31.58280372619629 62
1741582474345 31.29598617553711 63
1741582474794 31.26197624206543 64
1741582475238 31.167461395263672 65
1741582475668 30.738418579101562 66
1741582476105 30.628456115722656 67
1741582476558 30.53813934326172 68
1741582477044 30.342235565185547 69
1741582477511 30.228702545166016 70
1741582478001 30.24784278869629 71
1741582478465 29.94322967529297 72
1741582478922 29.722148895263672 73
1741582479385 29.796483993530273 74
1741582479867 29.758888244628906 75
1741582480339 29.589269638061523 76
1741582480807 29.3123836517334 77
1741582481257 29.36302947998047 78
1741582481711 29.047252655029297 79
1741582482188 29.071073532104492 80
1741582482653 28.988845825195312 81
1741582483108 28.906564712524414 82
1741582483557 28.925724029541016 83
1741582484026 28.655363082885742 84
1741582484471 28.568510055541992 85
1741582484926 28.343215942382812 86
1741582485378 28.359411239624023 87
1741582485839 28.248146057128906 88
1741582486323 28.034942626953125 89
1741582486771 28.050615310668945 90
1741582487238 27.940528869628906 91
1741582487673 27.896772384643555 92
1741582488138 27.8935489654541 93
1741582488588 27.863615036010742 94
1741582489086 27.7623233795166 95
1741582489532 27.528324127197266 96
1741582489971 27.36078453063965 97
1741582490440 27.38399314880371 98
1741582490907 27.23099136352539 99
