1741582446246 1.04080331325531 0
1741582446662 0.8633080124855042 1
1741582447074 0.7676855325698853 2
1741582447490 0.7182050347328186 3
1741582447912 0.6891856789588928 4
1741582448324 0.6698654294013977 5
1741582448742 0.655144453048706 6
1741582449172 0.6421374082565308 7
1741582449604 0.6320332884788513 8
1741582450029 0.6243054270744324 9
1741582450447 0.6177300810813904 10
1741582450889 0.609771192073822 11
1741582451324 0.6011974811553955 12
1741582451756 0.5935477018356323 13
1741582452212 0.5854779481887817 14
1741582452657 0.5773749947547913 15
1741582453094 0.5684077739715576 16
1741582453523 0.5591391921043396 17
1741582453962 0.5506282448768616 18
1741582454408 0.5437222719192505 19
1741582454842 0.5354335904121399 20
1741582455292 0.5275024771690369 21
1741582455734 0.518240213394165 22
1741582456195 0.5092566609382629 23
1741582456638 0.5011308193206787 24
1741582457075 0.49199703335762024 25
1741582457521 0.48378634452819824 26
1741582457955 0.47511863708496094 27
1741582458390 0.46710506081581116 28
1741582458841 0.4603547155857086 29
1741582459271 0.4522508382797241 30
1741582459704 0.4447961449623108 31
1741582460156 0.43782803416252136 32
1741582460641 0.4285418689250946 33
1741582461095 0.42023175954818726 34
1741582461557 0.412132203578949 35
1741582462040 0.40309077501296997 36
1741582462494 0.39296630024909973 37
1741582462946 0.3837529122829437 38
1741582463388 0.3735112249851227 39
1741582463838 0.3644074499607086 40
1741582464291 0.3548479378223419 41
1741582464759 0.3447769284248352 42
1741582465243 0.33575499057769775 43
1741582465748 0.3270856440067291 44
1741582466189 0.31762921810150146 45
1741582466622 0.30817845463752747 46
1741582467055 0.29989683628082275 47
1741582467539 0.28964757919311523 48
1741582467989 0.2808517515659332 49
1741582468446 0.2725532352924347 50
1741582468882 0.2644014060497284 51
1741582469330 0.2570997476577759 52
1741582469786 0.25021761655807495 53
1741582470228 0.24413827061653137 54
1741582470669 0.23799268901348114 55
1741582471122 0.23275062441825867 56
1741582471565 0.22739778459072113 57
1741582472009 0.2223118543624878 58
1741582472446 0.21769820153713226 59
1741582472922 0.2129840850830078 60
1741582473395 0.20909494161605835 61
1741582473872 0.20497669279575348 62
1741582474345 0.20141737163066864 63
1741582474794 0.19788111746311188 64
1741582475238 0.1945982724428177 65
1741582475668 0.19139225780963898 66
1741582476105 0.18845856189727783 67
1741582476558 0.18569014966487885 68
1741582477044 0.18316517770290375 69
1741582477511 0.1802895963191986 70
1741582478001 0.17782855033874512 71
1741582478465 0.17539450526237488 72
1741582478922 0.17319871485233307 73
1741582479385 0.1710587739944458 74
1741582479867 0.16906996071338654 75
1741582480339 0.1671553999185562 76
1741582480807 0.1650293469429016 77
1741582481257 0.16337519884109497 78
1741582481711 0.16183781623840332 79
1741582482188 0.15993349254131317 80
1741582482653 0.15836237370967865 81
1741582483108 0.15708433091640472 82
1741582483557 0.15557660162448883 83
1741582484026 0.1542135328054428 84
1741582484471 0.15281730890274048 85
1741582484926 0.1514318436384201 86
1741582485378 0.15041376650333405 87
1741582485839 0.149289071559906 88
1741582486323 0.14801232516765594 89
1741582486771 0.14680913090705872 90
1741582487238 0.14586666226387024 91
1741582487673 0.14458124339580536 92
1741582488138 0.14351344108581543 93
1741582488588 0.14251479506492615 94
1741582489086 0.141419917345047 95
1741582489532 0.14041051268577576 96
1741582489971 0.13961754739284515 97
1741582490440 0.13860368728637695 98
1741582490907 0.13746318221092224 99
