1741576735831 23380.525390625 0
1741576736167 7069.5751953125 1
1741576736517 4209.29443359375 2
1741576736888 3025.185791015625 3
1741576737247 5633.189453125 4
1741576737599 3060.28271484375 5
1741576737939 1785.069091796875 6
1741576738282 1983.7103271484375 7
1741576738634 2192.2646484375 8
1741576738984 2244.535888671875 9
1741576739334 2060.1689453125 10
1741576739684 2342.451171875 11
1741576740033 2227.449462890625 12
1741576740383 2869.363037109375 13
1741576740729 2708.67578125 14
1741576741067 2011.7904052734375 15
1741576741422 1754.599365234375 16
1741576741765 1364.7823486328125 17
1741576742101 1432.3114013671875 18
1741576742452 1782.0872802734375 19
1741576742800 2590.79248046875 20
1741576743184 2168.190673828125 21
1741576743547 1682.56005859375 22
1741576743886 1265.3289794921875 23
1741576744233 969.3853149414062 24
1741576744583 611.1931762695312 25
1741576744934 973.3282470703125 26
1741576745283 2144.72802734375 27
1741576745622 1786.8984375 28
1741576745974 1023.4495239257812 29
1741576746317 1391.499755859375 30
1741576746669 1440.0863037109375 31
1741576747012 712.4755859375 32
1741576747350 744.885986328125 33
1741576747702 417.73162841796875 34
1741576748333 636.769287109375 35
1741576748685 641.4881591796875 36
1741576749033 694.2946166992188 37
1741576749400 512.1458740234375 38
1741576749735 517.7574462890625 39
