1741576817518 0.9934147000312805 0
1741576817970 0.9988095164299011 1
1741576818397 0.9997518062591553 2
1741576818825 0.9985150694847107 3
1741576819247 0.9981293082237244 4
1741576819661 0.9998086094856262 5
1741576820072 1.0003173351287842 6
1741576820483 0.9985231161117554 7
1741576820896 0.9989725351333618 8
1741576821295 0.9985703825950623 9
1741576821718 0.9991347789764404 10
1741576822133 0.9991068243980408 11
1741576822545 0.998972475528717 12
1741576822962 0.9992868304252625 13
1741576823364 0.9993227124214172 14
1741576823782 0.9982598423957825 15
1741576824206 0.9981327056884766 16
1741576824635 0.9992911219596863 17
1741576825051 0.9989252090454102 18
1741576825464 0.998724639415741 19
1741576825884 0.999036967754364 20
1741576826297 0.9991313219070435 21
1741576826695 0.9984301924705505 22
1741576827117 0.9987949132919312 23
1741576827527 0.9988721609115601 24
1741576827937 0.9988672733306885 25
1741576828361 0.9988246560096741 26
1741576828779 0.9986628890037537 27
1741576829195 0.9985176920890808 28
1741576829614 0.9992205500602722 29
1741576830042 0.9992093443870544 30
1741576830478 0.9985101819038391 31
1741576830945 0.9988154768943787 32
1741576831411 0.9987865090370178 33
1741576831875 0.9987849593162537 34
1741576832338 0.9990437030792236 35
1741576832776 0.998942494392395 36
1741576833230 0.9988393187522888 37
1741576833674 0.9989371299743652 38
1741576834113 0.9986792206764221 39
