1741578335083 0.9925075769424438 0
1741578335567 0.9959604144096375 1
1741578336016 0.9942817687988281 2
1741578336457 0.9985789060592651 3
1741578336997 0.9976537823677063 4
1741578337520 0.997352123260498 5
1741578338037 0.9992724657058716 6
1741578338556 0.997477650642395 7
1741578339080 0.9984764456748962 8
1741578339602 0.9984418153762817 9
1741578340133 0.9987447261810303 10
1741578340652 0.9985302090644836 11
1741578341163 0.9986459612846375 12
1741578341679 0.9989948868751526 13
1741578342200 0.9986442923545837 14
1741578342717 0.9985823035240173 15
1741578343249 0.9981188178062439 16
1741578343785 0.9985865950584412 17
1741578344299 0.9985455870628357 18
1741578344829 0.9983289241790771 19
1741578345369 0.9986443519592285 20
1741578345884 0.9988352656364441 21
1741578346417 0.998862087726593 22
1741578346932 0.9987630248069763 23
1741578347459 0.9987102746963501 24
1741578347988 0.9988046288490295 25
1741578348522 0.9987577795982361 26
1741578349036 0.9991047382354736 27
1741578349551 0.9987068176269531 28
1741578350072 0.9987704753875732 29
