1741579123085 0.9919493794441223 0
1741579123495 0.9984196424484253 1
1741579123917 0.9991976022720337 2
1741579124328 0.9984922409057617 3
1741579124794 0.9985599517822266 4
1741579125271 0.9981247186660767 5
1741579125696 0.9983128905296326 6
1741579126120 0.9989304542541504 7
1741579126534 0.9983213543891907 8
1741579126946 0.9980089664459229 9
1741579127357 0.9983283877372742 10
1741579127759 0.9986986517906189 11
1741579128176 0.9983716011047363 12
1741579128592 0.9985989928245544 13
1741579128991 0.9988486170768738 14
1741579129411 0.9987785220146179 15
1741579129848 0.9983081221580505 16
1741579130271 0.9989776015281677 17
1741579130700 0.9987251162528992 18
1741579131118 0.9989045858383179 19
1741579131515 0.9986810088157654 20
1741579131927 0.9987159967422485 21
1741579132338 0.9988558292388916 22
1741579132749 0.9989222288131714 23
1741579133162 0.998504102230072 24
1741579133592 0.9989663362503052 25
1741579134010 0.9988786578178406 26
1741579134442 0.9989532828330994 27
1741579134855 0.9988963007926941 28
1741579135268 0.9990895390510559 29
