1741578723224 19328.81640625 0
1741578723622 7780.46923828125 1
1741578724038 5718.7998046875 2
1741578724450 5715.36181640625 3
1741578724888 6725.05615234375 4
1741578725304 6285.15478515625 5
1741578725721 2855.77294921875 6
1741578726120 3025.98974609375 7
1741578726534 1746.8240966796875 8
1741578726923 1851.7025146484375 9
1741578727328 2279.21533203125 10
1741578727739 1635.6370849609375 11
1741578728150 1454.594482421875 12
1741578728554 1287.8829345703125 13
1741578728958 1320.2315673828125 14
1741578729354 2183.086669921875 15
1741578729772 1932.8072509765625 16
1741578730187 1507.590087890625 17
1741578730603 1492.318115234375 18
1741578731021 1553.031494140625 19
1741578731435 839.0396118164062 20
1741578731855 1854.971923828125 21
1741578732260 1703.02978515625 22
1741578732668 1220.05078125 23
1741578733085 1901.8218994140625 24
1741578733496 1277.341064453125 25
1741578733931 1115.0919189453125 26
1741578734340 1066.983154296875 27
1741578734764 1757.9915771484375 28
1741578735182 1092.70654296875 29
