1741578723224 1.0049331188201904 0
1741578723622 0.9936590194702148 1
1741578724038 0.9975532293319702 2
1741578724450 0.9968196153640747 3
1741578724888 0.9924285411834717 4
1741578725304 0.9987778067588806 5
1741578725721 0.9963364601135254 6
1741578726120 0.9973971843719482 7
1741578726534 0.997175395488739 8
1741578726923 0.9972309470176697 9
1741578727328 0.9972407221794128 10
1741578727739 0.997284471988678 11
1741578728150 0.9969823360443115 12
1741578728554 0.9981379508972168 13
1741578728958 0.9978521466255188 14
1741578729354 0.9978705048561096 15
1741578729772 0.9985202550888062 16
1741578730187 0.9982926845550537 17
1741578730603 0.9985121488571167 18
1741578731021 0.9974213242530823 19
1741578731435 0.9986007809638977 20
1741578731855 0.9976653456687927 21
1741578732260 0.9977059960365295 22
1741578732668 0.9983510375022888 23
1741578733085 0.9997830986976624 24
1741578733496 0.9974693655967712 25
1741578733931 0.9978964328765869 26
1741578734340 0.9987830519676208 27
1741578734764 0.9987441897392273 28
1741578735182 0.998924732208252 29
