1741589572039 81.10762786865234 0
1741589572372 50.76995086669922 1
1741589572707 42.61848068237305 2
1741589573041 39.52174758911133 3
1741589573369 37.55220413208008 4
1741589573707 36.25232696533203 5
1741589574045 34.429561614990234 6
1741589574381 32.689849853515625 7
1741589574712 31.245254516601562 8
1741589575063 30.221084594726562 9
1741589575415 29.539365768432617 10
1741589575759 28.857929229736328 11
1741589576124 28.244813919067383 12
1741589576466 27.703386306762695 13
1741589576808 27.543752670288086 14
1741589577146 27.2327880859375 15
1741589577479 26.857572555541992 16
1741589577808 26.6299991607666 17
1741589578140 26.25506019592285 18
1741589578474 26.06914710998535 19
1741589578823 25.944089889526367 20
1741589579157 25.683740615844727 21
1741589579488 25.52607536315918 22
1741589579825 25.302560806274414 23
1741589580158 25.060924530029297 24
1741589580477 24.763492584228516 25
1741589580814 24.662498474121094 26
1741589581141 24.459835052490234 27
1741589581472 24.074893951416016 28
1741589581802 24.091533660888672 29
1741589582125 23.849170684814453 30
1741589582454 23.403608322143555 31
1741589582790 23.074865341186523 32
1741589583158 23.172195434570312 33
1741589583504 22.883607864379883 34
1741589583838 22.71124839782715 35
1741589584170 22.70965003967285 36
1741589584501 22.530141830444336 37
1741589584824 22.450660705566406 38
1741589585156 22.460235595703125 39
1741589585486 22.240392684936523 40
1741589585808 22.011714935302734 41
1741589586126 21.99342155456543 42
1741589586462 21.91483497619629 43
1741589586789 22.1187801361084 44
1741589587121 21.874664306640625 45
1741589587472 21.5949649810791 46
1741589587825 21.473827362060547 47
1741589588158 21.31734275817871 48
1741589588507 21.18279266357422 49
1741589588856 21.052412033081055 50
1741589589206 21.018169403076172 51
1741589589557 20.89496421813965 52
1741589589931 20.88736343383789 53
1741589590272 20.679685592651367 54
1741589590632 20.783695220947266 55
1741589590989 20.65386390686035 56
1741589591349 20.870149612426758 57
1741589591692 20.855579376220703 58
1741589592039 20.432659149169922 59
1741589592390 20.310216903686523 60
1741589592742 20.082189559936523 61
1741589593090 20.024444580078125 62
1741589593439 19.990127563476562 63
1741589593807 20.06304168701172 64
1741589594174 20.121912002563477 65
1741589594525 20.02228546142578 66
1741589594872 19.934751510620117 67
1741589595239 19.509353637695312 68
1741589595612 19.35761070251465 69
1741589596012 19.49420166015625 70
1741589596378 19.61810302734375 71
1741589596722 19.253080368041992 72
1741589597087 19.11660385131836 73
1741589597454 19.061599731445312 74
1741589597804 18.964570999145508 75
1741589598155 19.13526153564453 76
1741589598506 18.89363670349121 77
1741589598855 18.75752067565918 78
1741589599240 18.91353416442871 79
1741589599607 18.75860023498535 80
1741589600073 18.83350944519043 81
1741589600442 18.65241050720215 82
1741589600799 18.85895347595215 83
1741589601138 18.711820602416992 84
1741589601505 18.441123962402344 85
1741589601855 18.45972442626953 86
1741589602189 18.187278747558594 87
1741589602538 18.08513641357422 88
1741589602903 18.146564483642578 89
1741589603255 18.19506072998047 90
1741589603660 18.305540084838867 91
1741589604055 18.243694305419922 92
1741589604407 17.845056533813477 93
1741589604772 17.700597763061523 94
1741589605113 17.7313175201416 95
1741589605472 17.70500373840332 96
1741589605823 17.99861717224121 97
1741589606171 17.829933166503906 98
1741589606527 17.739412307739258 99
