1741589572039 0.8686931133270264 0
1741589572372 0.7166112065315247 1
1741589572707 0.6538739800453186 2
1741589573041 0.6055486798286438 3
1741589573369 0.5652056336402893 4
1741589573707 0.5220406651496887 5
1741589574045 0.4767880141735077 6
1741589574381 0.4415687322616577 7
1741589574712 0.4099099636077881 8
1741589575063 0.3882869780063629 9
1741589575415 0.3732230067253113 10
1741589575759 0.36306557059288025 11
1741589576124 0.35600849986076355 12
1741589576466 0.3508174419403076 13
1741589576808 0.3467754125595093 14
1741589577146 0.34345147013664246 15
1741589577479 0.34055817127227783 16
1741589577808 0.3380810022354126 17
1741589578140 0.33607158064842224 18
1741589578474 0.33408239483833313 19
1741589578823 0.33244043588638306 20
1741589579157 0.33085405826568604 21
1741589579488 0.32939597964286804 22
1741589579825 0.32808950543403625 23
1741589580158 0.32695361971855164 24
1741589580477 0.3258647322654724 25
1741589580814 0.3249428868293762 26
1741589581141 0.3240829110145569 27
1741589581472 0.3230801820755005 28
1741589581802 0.32236340641975403 29
1741589582125 0.32157379388809204 30
1741589582454 0.32087063789367676 31
1741589582790 0.32026800513267517 32
1741589583158 0.3197838068008423 33
1741589583504 0.31942081451416016 34
1741589583838 0.3189965784549713 35
1741589584170 0.31877240538597107 36
1741589584501 0.31845682859420776 37
1741589584824 0.3181428909301758 38
1741589585156 0.3179791271686554 39
1741589585486 0.3177536725997925 40
1741589585808 0.3175441026687622 41
1741589586126 0.317308247089386 42
1741589586462 0.3171347379684448 43
1741589586789 0.31707197427749634 44
1741589587121 0.31684422492980957 45
1741589587472 0.3166206479072571 46
1741589587825 0.31643539667129517 47
1741589588158 0.31629449129104614 48
1741589588507 0.31610727310180664 49
1741589588856 0.31595152616500854 50
1741589589206 0.3158263862133026 51
1741589589557 0.31569698452949524 52
1741589589931 0.31560203433036804 53
1741589590272 0.31549203395843506 54
1741589590632 0.31534865498542786 55
1741589590989 0.3152247369289398 56
1741589591349 0.31510013341903687 57
1741589591692 0.3150096833705902 58
1741589592039 0.31490740180015564 59
1741589592390 0.31477946043014526 60
1741589592742 0.31470850110054016 61
1741589593090 0.31464067101478577 62
1741589593439 0.3145509362220764 63
1741589593807 0.314494788646698 64
1741589594174 0.31448861956596375 65
1741589594525 0.3145240545272827 66
1741589594872 0.31435173749923706 67
1741589595239 0.31424397230148315 68
1741589595612 0.31413164734840393 69
1741589596012 0.3140583038330078 70
1741589596378 0.3140477240085602 71
1741589596722 0.31391191482543945 72
1741589597087 0.31385576725006104 73
1741589597454 0.3137893080711365 74
1741589597804 0.313730925321579 75
1741589598155 0.3137145936489105 76
1741589598506 0.3136177659034729 77
1741589598855 0.3135501444339752 78
1741589599240 0.3134850263595581 79
1741589599607 0.31341299414634705 80
1741589600073 0.3133612871170044 81
1741589600442 0.3132629990577698 82
1741589600799 0.313218355178833 83
1741589601138 0.31315749883651733 84
1741589601505 0.3130437135696411 85
1741589601855 0.31296300888061523 86
1741589602189 0.31286218762397766 87
1741589602538 0.31280139088630676 88
1741589602903 0.31273791193962097 89
1741589603255 0.31268516182899475 90
1741589603660 0.3126482665538788 91
1741589604055 0.31259265542030334 92
1741589604407 0.3124980330467224 93
1741589604772 0.31246164441108704 94
1741589605113 0.3124278485774994 95
1741589605472 0.3123893737792969 96
1741589605823 0.3123934864997864 97
1741589606171 0.3123355805873871 98
1741589606527 0.31230664253234863 99
