1741577345499 0.7267190217971802 0
1741577345917 0.7269977927207947 1
1741577346342 0.7268783450126648 2
1741577346774 0.7269946932792664 3
1741577347205 0.7270476818084717 4
1741577347622 0.7269912958145142 5
1741577348033 0.7270757555961609 6
1741577348447 0.7269918322563171 7
1741577348866 0.7269457578659058 8
1741577349280 0.7270334959030151 9
1741577349704 0.7270234823226929 10
1741577350114 0.7270111441612244 11
1741577350549 0.7269218564033508 12
1741577350991 0.7270310521125793 13
1741577351418 0.72703617811203 14
1741577351836 0.7269983291625977 15
1741577352246 0.7269862294197083 16
1741577352662 0.726929247379303 17
1741577353074 0.7269898653030396 18
1741577353480 0.7269860506057739 19
1741577353897 0.7270054221153259 20
1741577354314 0.727063000202179 21
1741577354732 0.7270339131355286 22
1741577355165 0.7270052433013916 23
1741577355592 0.7270085215568542 24
1741577356013 0.7269874215126038 25
1741577356429 0.7269297242164612 26
1741577356845 0.7270153164863586 27
1741577357249 0.7270170450210571 28
1741577357681 0.7270104885101318 29
1741577358080 0.7269673347473145 30
1741577358512 0.7269687056541443 31
1741577358930 0.727061927318573 32
1741577359363 0.7270278930664062 33
1741577359796 0.7270088791847229 34
1741577360213 0.7270219922065735 35
1741577360631 0.7270233631134033 36
1741577361049 0.7268417477607727 37
1741577361465 0.7270269989967346 38
1741577361898 0.7270240783691406 39
1741577362313 0.7269327044487 40
1741577362730 0.7270114421844482 41
1741577363130 0.7269871830940247 42
1741577363556 0.7269850373268127 43
1741577363963 0.7270224690437317 44
1741577364393 0.7269926071166992 45
1741577364803 0.7270104289054871 46
1741577365218 0.7270126342773438 47
1741577365631 0.7269691228866577 48
1741577366050 0.727039098739624 49
1741577366465 0.7269386649131775 50
1741577366886 0.7270172238349915 51
1741577367348 0.7269784808158875 52
1741577367782 0.7270318865776062 53
1741577368230 0.7269556522369385 54
1741577368673 0.7269494533538818 55
1741577369118 0.7269834280014038 56
1741577369565 0.7270073890686035 57
1741577370014 0.7270140647888184 58
1741577370465 0.7270684242248535 59
1741577370911 0.7270238995552063 60
1741577371346 0.7269538640975952 61
1741577371789 0.7269940376281738 62
1741577372246 0.7269424796104431 63
1741577372692 0.7270535230636597 64
1741577373126 0.7269316911697388 65
1741577373583 0.7269747853279114 66
1741577374013 0.7269769310951233 67
1741577374447 0.7269936203956604 68
1741577374894 0.7269555926322937 69
1741577375329 0.7269936800003052 70
1741577375763 0.726996898651123 71
1741577376196 0.7269468307495117 72
1741577376664 0.7270166277885437 73
1741577377107 0.7269529104232788 74
1741577377563 0.726970911026001 75
1741577378015 0.7269759774208069 76
1741577378446 0.7269472479820251 77
1741577378896 0.7270093560218811 78
1741577379362 0.7269786596298218 79
1741577379851 0.726967453956604 80
1741577380296 0.726898729801178 81
1741577380747 0.7269859313964844 82
1741577381188 0.7270117402076721 83
1741577381629 0.7270315289497375 84
1741577382086 0.7269726991653442 85
1741577382529 0.726986289024353 86
1741577382996 0.7269622087478638 87
1741577383463 0.7270004749298096 88
1741577383929 0.7270300984382629 89
1741577384380 0.7269799113273621 90
1741577384831 0.7270120978355408 91
1741577385312 0.7269584536552429 92
1741577385752 0.7270053029060364 93
1741577386212 0.7269867658615112 94
1741577386678 0.7268808484077454 95
1741577387112 0.7270104289054871 96
1741577387562 0.7269654870033264 97
1741577388029 0.7271080613136292 98
1741577388491 0.7268962860107422 99
