1741577345499 0.9991626143455505 0
1741577345917 0.9991195201873779 1
1741577346342 0.998843252658844 2
1741577346774 0.9989710450172424 3
1741577347205 0.9989766478538513 4
1741577347622 0.9989175200462341 5
1741577348033 0.9988989233970642 6
1741577348447 0.9990273714065552 7
1741577348866 0.9987939596176147 8
1741577349280 0.999031126499176 9
1741577349704 0.9988961219787598 10
1741577350114 0.9988790154457092 11
1741577350549 0.9988763928413391 12
1741577350991 0.9989470839500427 13
1741577351418 0.9989545941352844 14
1741577351836 0.9988675713539124 15
1741577352246 0.9989190101623535 16
1741577352662 0.9987397789955139 17
1741577353074 0.9989002346992493 18
1741577353480 0.9989463686943054 19
1741577353897 0.9988481402397156 20
1741577354314 0.9990454912185669 21
1741577354732 0.9989110231399536 22
1741577355165 0.9988365769386292 23
1741577355592 0.9989302754402161 24
1741577356013 0.9989486932754517 25
1741577356429 0.9987640976905823 26
1741577356845 0.9989445805549622 27
1741577357249 0.9989539384841919 28
1741577357681 0.998959481716156 29
1741577358080 0.9988605380058289 30
1741577358512 0.9989840984344482 31
1741577358930 0.9989808201789856 32
1741577359363 0.998897910118103 33
1741577359796 0.998968243598938 34
1741577360213 0.9989630579948425 35
1741577360631 0.9989017248153687 36
1741577361049 0.9985212683677673 37
1741577361465 0.9989612102508545 38
1741577361898 0.9989475607872009 39
1741577362313 0.9988614320755005 40
1741577362730 0.9989429712295532 41
1741577363130 0.9988835453987122 42
1741577363556 0.9988576769828796 43
1741577363963 0.9988545179367065 44
1741577364393 0.9989306926727295 45
1741577364803 0.9990058541297913 46
1741577365218 0.9989388585090637 47
1741577365631 0.9988680481910706 48
1741577366050 0.9990066289901733 49
1741577366465 0.9987866878509521 50
1741577366886 0.9989486932754517 51
1741577367348 0.9988431334495544 52
1741577367782 0.9989535808563232 53
1741577368230 0.9988479614257812 54
1741577368673 0.9988024830818176 55
1741577369118 0.9988541603088379 56
1741577369565 0.9988954663276672 57
1741577370014 0.9989439845085144 58
1741577370465 0.9989110231399536 59
1741577370911 0.9989634156227112 60
1741577371346 0.9988643527030945 61
1741577371789 0.9989070892333984 62
1741577372246 0.9989477396011353 63
1741577372692 0.9988985657691956 64
1741577373126 0.9989416599273682 65
1741577373583 0.9988723397254944 66
1741577374013 0.9988685846328735 67
1741577374447 0.9989640712738037 68
1741577374894 0.9987928867340088 69
1741577375329 0.9989020228385925 70
1741577375763 0.9989337921142578 71
1741577376196 0.9988055229187012 72
1741577376664 0.998919665813446 73
1741577377107 0.9988762736320496 74
1741577377563 0.9988499879837036 75
1741577378015 0.998856782913208 76
1741577378446 0.9988163709640503 77
1741577378896 0.9989087581634521 78
1741577379362 0.9988917708396912 79
1741577379851 0.9988747239112854 80
1741577380296 0.998877227306366 81
1741577380747 0.9988458752632141 82
1741577381188 0.9988904595375061 83
1741577381629 0.9989607930183411 84
1741577382086 0.9989038109779358 85
1741577382529 0.9988533854484558 86
1741577382996 0.9988479614257812 87
1741577383463 0.9989098906517029 88
1741577383929 0.9988517165184021 89
1741577384380 0.9988982677459717 90
1741577384831 0.9988656640052795 91
1741577385312 0.9988856911659241 92
1741577385752 0.9988687038421631 93
1741577386212 0.9988584518432617 94
1741577386678 0.9988400340080261 95
1741577387112 0.9989010095596313 96
1741577387562 0.9987758994102478 97
1741577388029 0.9990118741989136 98
1741577388491 0.9987355470657349 99
