1741582569231 67.89698791503906 0
1741582569633 53.76858901977539 1
1741582570050 47.569915771484375 2
1741582570482 43.3621940612793 3
1741582570923 40.88935470581055 4
1741582571344 37.07168960571289 5
1741582571759 35.08362579345703 6
1741582572164 32.8944206237793 7
1741582572599 32.395423889160156 8
1741582573016 30.662214279174805 9
1741582573434 29.739246368408203 10
1741582573849 28.839479446411133 11
1741582574264 28.800655364990234 12
1741582574714 29.235240936279297 13
1741582575181 27.400726318359375 14
1741582575657 26.26476287841797 15
1741582576114 25.742626190185547 16
1741582576578 25.416902542114258 17
1741582577017 25.146297454833984 18
1741582577447 25.2022705078125 19
1741582577893 24.816869735717773 20
1741582578365 24.70376968383789 21
1741582578837 23.92123794555664 22
1741582579303 24.263710021972656 23
1741582579748 23.938989639282227 24
1741582580197 23.16408348083496 25
1741582580638 23.300338745117188 26
1741582581098 23.450653076171875 27
1741582581545 24.997583389282227 28
