1741576867592 51602.94140625 0
1741576867892 8478.6650390625 1
1741576868195 8720.978515625 2
1741576868492 12489.505859375 3
1741576868808 11237.7900390625 4
1741576869092 7327.18017578125 5
1741576869397 8898.10546875 6
1741576869694 9230.375 7
1741576869991 5060.748046875 8
1741576870274 8336.2119140625 9
1741576870559 5469.14208984375 10
1741576870860 6197.15673828125 11
1741576871142 3623.967041015625 12
1741576871426 5788.29736328125 13
1741576871724 6093.11474609375 14
1741576872009 5035.712890625 15
1741576872319 4093.5146484375 16
1741576872616 2864.304931640625 17
1741576872912 4326.5927734375 18
1741576873207 5153.7421875 19
1741576873494 4447.66162109375 20
1741576873804 2245.100341796875 21
1741576874094 3318.794677734375 22
1741576874390 4145.32421875 23
1741576874689 3428.558837890625 24
1741576874990 3506.16455078125 25
1741576875293 3568.269287109375 26
1741576875592 2349.00048828125 27
1741576875884 4863.52001953125 28
1741576876175 2220.084716796875 29
1741576876465 1357.46533203125 30
1741576876754 2316.60546875 31
1741576877047 3087.0263671875 32
1741576877347 1439.5174560546875 33
1741576877641 2033.8265380859375 34
1741576877927 2121.5283203125 35
1741576878231 1913.0972900390625 36
1741576878524 2481.26953125 37
1741576878807 2097.177978515625 38
1741576879115 1786.5926513671875 39
